0.625 0.14285714285714285 0.2727272727272727 0.3333333333333333 0.8941935483870967 0.05547898001378359 0.04174973613228568 0.0677361853832442 0.41800643086816724 0.4235294117647059 0.2555555555555556 0.0 0.0 
0.25 0.2857142857142857 0.18181818181818182 0.16666666666666666 0.8954838709677418 0.08476912474155754 0.0700129001993667 0.0677361853832442 0.437299035369775 0.1411764705882353 0.7999999999999999 0.0 0.0 
0.625 0.42857142857142855 0.7272727272727273 0.6666666666666666 0.950967741935484 0.4024810475534115 0.7741292365427466 0.2174688057040998 0.5594855305466239 0.21176470588235294 0.6555555555555554 0.0 0.017628616479043676 
0.125 0.2857142857142857 0.6363636363636364 0.3333333333333333 0.9870967741935484 0.746381805651275 0.7999296352761815 0.32085561497326204 0.919614147909968 0.047058823529411764 0.4555555555555555 0.0 0.0 
0.375 0.14285714285714285 0.5454545454545454 0.5 0.9651612903225806 0.290144727773949 0.45396974316875804 0.17647058823529413 0.8038585209003216 0.15294117647058825 0.1 0.0 0.0016134355175827803 
0.75 0.2857142857142857 0.6363636363636364 1.0 0.9819354838709676 0.3694004135079256 0.7496188577459834 0.30303030303030304 0.4565916398713826 0.3764705882352941 0.1 0.0 0.001430090572402919 
0.25 0.2857142857142857 1.0 0.0 0.8606451612903226 0.0837353549276361 0.4008443766858215 0.04634581105169341 0.07717041800643086 0.07058823529411765 0.8999999999999999 0.0 0.009836456308899564 
0.625 0.42857142857142855 0.6363636363636364 0.5 0.9870967741935484 0.4500344589937974 0.6695203471326374 0.18538324420677363 0.8102893890675241 0.08235294117647059 0.4 0.0 8.250522533093764E-4 
0.25 0.2857142857142857 0.18181818181818182 0.8333333333333334 0.9419354838709677 0.11957270847691247 0.08549313943942768 0.13903743315508021 0.41800643086816724 0.1411764705882353 0.5 0.0 0.0 
0.0 0.2857142857142857 0.7272727272727273 1.0 0.9148387096774192 0.28600964851826327 0.8284273484226574 0.10160427807486631 0.5401929260450161 0.43529411764705883 0.20000000000000004 0.0 0.0 
0.625 0.42857142857142855 0.18181818181818182 0.3333333333333333 0.9638709677419355 0.055823569951757405 0.023924006098276062 0.17647058823529413 0.37299035369774924 0.10588235294117647 0.6 0.0 0.0 
0.375 0.14285714285714285 0.7272727272727273 0.6666666666666666 0.952258064516129 0.41660923501033775 0.9168523513545209 0.1818181818181818 0.4855305466237943 0.35294117647058826 0.4 0.0 0.0036118954200432696 
1.0 1.0 0.6363636363636364 0.6666666666666666 0.9819354838709676 0.7784286698828394 0.8195144834056527 0.21390374331550802 0.7331189710610934 0.24705882352941178 0.4 0.0 0.0 
0.625 0.14285714285714285 0.7272727272727273 0.8333333333333334 0.9638709677419355 0.4972432804962096 0.8367538407411751 0.1443850267379679 0.9003215434083602 0.10588235294117647 0.2555555555555556 0.0 0.0 
0.25 0.5714285714285714 0.45454545454545453 0.6666666666666666 0.9341935483870967 0.32046864231564437 0.2629295180016418 0.1265597147950089 0.5466237942122187 0.27058823529411763 0.4555555555555555 0.0 0.0 
0.625 0.14285714285714285 0.9090909090909091 0.16666666666666666 0.784516129032258 0.006547208821502412 0.1158672452210625 0.0196078431372549 0.30868167202572355 0.18823529411764706 0.4555555555555555 0.0 0.0 
1.0 0.2857142857142857 0.5454545454545454 0.0 0.9496774193548386 0.31357684355616816 0.5092060513662484 0.1746880570409982 0.662379421221865 0.1411764705882353 0.4555555555555555 0.0 0.0014942613032158704 
0.0 0.2857142857142857 0.6363636363636364 0.3333333333333333 0.9419354838709677 0.6557546519641627 0.736484109299871 0.13903743315508021 0.5691318327974276 0.4117647058823529 0.4 0.0 0.07585897106816766 
0.875 0.5714285714285714 0.45454545454545453 0.3333333333333333 0.9354838709677419 0.5055134390075811 0.43309487510261524 0.2263814616755793 0.5594855305466239 0.32941176470588235 0.5 0.0 0.0 
0.75 0.42857142857142855 0.7272727272727273 0.8333333333333334 0.9561290322580644 0.24844934527911788 0.8269027794065908 0.4028520499108735 0.54983922829582 0.27058823529411763 0.4 0.0 0.0 
0.125 0.0 0.09090909090909091 0.8333333333333334 0.784516129032258 0.00861474844934528 0.008678315937609945 0.03208556149732621 0.07717041800643086 0.5176470588235295 0.05555555555555555 0.0 0.00627039712515126 
0.5 0.2857142857142857 0.7272727272727273 0.6666666666666666 0.9470967741935483 0.3373535492763612 0.8647824557288611 0.1711229946524064 0.2540192926045016 0.7058823529411765 0.35555555555555557 0.0 0.0 
0.625 0.42857142857142855 0.7272727272727273 0.8333333333333334 0.952258064516129 0.4135079255685734 0.7816348070833822 0.1532976827094474 0.7363344051446946 0.1411764705882353 0.4 0.0 1.0 
0.125 0.2857142857142857 0.6363636363636364 0.0 0.9664516129032257 0.33356305995864927 0.6263633165239826 0.25668449197860965 0.8392282958199357 0.2 0.4 0.0 0.008113013824208867 
0.375 0.2857142857142857 0.7272727272727273 0.6666666666666666 0.9470967741935483 0.3373535492763612 0.8647824557288611 0.1711229946524064 0.5980707395498394 0.23529411764705882 0.5 0.0 0.0011550731546331268 
0.75 0.2857142857142857 0.8181818181818182 0.0 0.9419354838709677 0.1633356305995865 0.8070833821977249 0.1978609625668449 0.46945337620578786 0.35294117647058826 0.4555555555555555 0.0 0.006261229877892267 
0.625 0.14285714285714285 0.7272727272727273 0.6666666666666666 0.9019354838709677 0.2363886974500345 0.81963175794535 0.1033868092691622 0.5916398713826367 0.25882352941176473 0.15555555555555556 0.0 0.0 
1.0 0.5714285714285714 0.6363636363636364 0.5 0.9406451612903225 0.852170916609235 0.8747507916031428 0.1122994652406417 0.5884244372990355 0.5058823529411764 0.2555555555555556 0.0 0.03929998899930329 
0.375 0.2857142857142857 0.7272727272727273 0.8333333333333334 0.952258064516129 0.2994486560992419 0.8100152456901607 0.1265597147950089 0.5594855305466239 0.38823529411764707 0.2555555555555556 0.0 0.0 
0.375 0.2857142857142857 0.7272727272727273 0.8333333333333334 0.9354838709677419 0.4248793935217092 0.923419725577577 0.15151515151515152 0.47909967845659174 0.3058823529411765 0.20000000000000004 0.0 0.010285651424590226 
0.0 0.14285714285714285 0.6363636363636364 0.5 0.9819354838709676 0.7625775327360442 0.8100152456901607 0.24777183600713013 0.7717041800643087 0.2235294117647059 0.6 0.0 0.0 
0.625 0.14285714285714285 0.7272727272727273 0.0 0.9432258064516128 0.26671261199172985 0.8401548023924006 0.1639928698752228 0.6109324758842444 0.2 0.2555555555555556 0.0 0.0 
0.125 0.42857142857142855 0.5454545454545454 0.8333333333333334 0.9406451612903225 0.35527222605099934 0.547672100387006 0.16042780748663102 0.5305466237942122 0.4470588235294118 0.15555555555555556 0.0 0.0 
0.375 0.14285714285714285 0.45454545454545453 0.5 0.9587096774193548 0.3538938662991041 0.36214377858566904 0.19251336898395724 0.7781350482315113 0.23529411764705882 0.2555555555555556 0.0 0.009240585237065014 
0.875 0.5714285714285714 0.6363636363636364 0.3333333333333333 0.8632258064516128 0.3077188146106134 0.7056409053594465 0.1176470588235294 0.4887459807073955 0.4117647058823529 0.4 0.0 0.002465989512669136 
0.0 0.14285714285714285 0.6363636363636364 0.8333333333333334 0.9470967741935483 0.609579600275672 0.7005981001524568 0.1711229946524064 0.6784565916398715 0.29411764705882354 0.4 0.0 0.005830369256719593 
0.625 0.14285714285714285 0.8181818181818182 0.16666666666666666 0.9277419354838708 0.11819434872501722 0.7754192564794183 0.11942959001782531 0.6270096463022509 0.10588235294117647 0.4555555555555555 0.0 0.0 
0.875 0.5714285714285714 0.6363636363636364 0.8333333333333334 0.9741935483870968 0.4000689179875948 0.6722176615456784 0.19607843137254902 0.6977491961414791 0.3058823529411765 0.20000000000000004 0.0 0.007352132301712442 
0.125 0.0 0.5454545454545454 0.6666666666666666 0.8980645161290322 0.5141281874569263 0.35416910988624367 0.1212121212121212 0.36012861736334406 0.7529411764705882 0.35555555555555557 0.0 0.03393714935279235 
0.875 0.5714285714285714 0.18181818181818182 1.0 0.9109677419354838 0.1729841488628532 0.11058989093467807 0.1711229946524064 0.2990353697749197 0.2823529411764706 0.6 0.0 0.006591250779216018 
0.0 0.2857142857142857 0.6363636363636364 0.6666666666666666 0.9264516129032258 0.6743625086147486 0.7529025448575114 0.29055258467023176 0.30868167202572355 0.8588235294117647 0.5 0.0 0.008901397088482272 
0.125 0.2857142857142857 0.7272727272727273 0.8333333333333334 0.952258064516129 0.4135079255685734 0.7816348070833822 0.1532976827094474 0.7041800643086817 0.16470588235294117 0.4555555555555555 0.0 0.0 
0.625 0.42857142857142855 0.18181818181818182 0.5 0.936774193548387 0.06719503790489317 0.04174973613228568 0.15151515151515152 0.35691318327974286 0.1411764705882353 0.35555555555555557 0.0 0.0060595504381944195 
0.25 0.2857142857142857 0.6363636363636364 1.0 0.9432258064516128 0.5995864920744315 0.8124780110238068 0.24598930481283424 0.7909967845659165 0.27058823529411763 0.6555555555555554 0.0 6.967107916834734E-4 
0.25 0.2857142857142857 0.5454545454545454 0.0 0.9793548387096773 0.5475534114403859 0.6559165005277354 0.2976827094474153 0.504823151125402 0.38823529411764707 0.2555555555555556 0.0 0.0 
0.625 0.14285714285714285 0.7272727272727273 0.0 0.9393548387096774 0.4445210199862164 0.937258121261874 0.13368983957219252 0.3215434083601286 0.6 0.5 0.0 0.0055920208279857725 
0.625 0.42857142857142855 0.09090909090909091 0.0 0.8438709677419354 0.01206064782908339 0.045502521402603496 0.0392156862745098 0.09967845659163986 0.6235294117647059 0.15555555555555556 0.0 0.0 
0.625 0.2857142857142857 0.2727272727272727 0.8333333333333334 0.872258064516129 0.09062715368711233 0.10460888941010904 0.0909090909090909 0.22829581993569134 0.3411764705882353 0.4555555555555555 0.0 0.0 
0.75 0.2857142857142857 0.5454545454545454 0.8333333333333334 0.9406451612903225 0.35527222605099934 0.547672100387006 0.16042780748663102 0.707395498392283 0.2 0.15555555555555556 0.0 0.0 
0.625 0.14285714285714285 0.7272727272727273 0.0 0.9019354838709677 0.31254307374224677 0.8232672686759704 0.1265597147950089 0.28938906752411575 0.7411764705882353 0.7999999999999999 0.0 0.0 
0.5 0.2857142857142857 0.6363636363636364 0.6666666666666666 0.9329032258064516 0.571330117160579 0.8733434971267738 0.1265597147950089 0.6077170418006432 0.6588235294117647 0.7999999999999999 0.21874999999999997 0.001989292655201496 
0.75 0.2857142857142857 0.6363636363636364 1.0 0.9406451612903225 0.6209510682288079 0.7096282397091591 0.1354723707664884 0.54983922829582 0.5411764705882353 0.5 0.0 0.0 
0.625 0.14285714285714285 0.7272727272727273 0.6666666666666666 0.9754838709677419 0.2894555478980014 0.8026269496892224 0.28342245989304815 0.7459807073954984 0.10588235294117647 0.35555555555555557 0.0 0.0 
0.75 0.42857142857142855 0.6363636363636364 0.16666666666666666 0.9987096774193547 0.6202618883528601 0.7778820218130644 0.2549019607843137 0.6237942122186496 0.5882352941176471 0.5 0.125 0.0 
0.625 0.14285714285714285 0.7272727272727273 0.6666666666666666 0.952258064516129 0.41660923501033775 0.9168523513545209 0.1818181818181818 0.4405144694533762 0.47058823529411764 0.35555555555555557 0.0 0.0 
0.25 0.2857142857142857 0.6363636363636364 1.0 0.983225806451613 0.4452101998621641 0.6792541339275243 0.25133689839572193 0.6816720257234727 0.29411764705882354 0.6 0.0 0.0011825748964101061 
0.875 0.5714285714285714 0.8181818181818182 0.0 0.8541935483870968 0.10923501033769813 0.7696728040342442 0.053475935828877004 0.5434083601286175 0.2 0.4 0.0 0.0049869825088922305 
0.375 0.42857142857142855 0.18181818181818182 0.6666666666666666 0.8670967741935485 0.06340454858718125 0.05793362261053125 0.0499108734402852 0.33762057877813506 0.43529411764705883 0.6555555555555554 0.0 0.0 
0.25 0.2857142857142857 0.7272727272727273 0.0 0.9432258064516128 0.26671261199172985 0.8401548023924006 0.1639928698752228 0.5369774919614148 0.23529411764705882 0.2555555555555556 0.0 0.0 
0.125 0.42857142857142855 0.6363636363636364 0.5 0.9870967741935484 0.4500344589937974 0.6695203471326374 0.18538324420677363 0.707395498392283 0.15294117647058825 0.2555555555555556 0.0 0.007957170620805984 
0.0 0.2857142857142857 0.6363636363636364 0.6666666666666666 0.9277419354838708 0.9259131633356306 0.9420663773894687 0.09803921568627451 0.6430868167202572 0.35294117647058826 0.35555555555555557 0.0 0.0 
0.875 0.5714285714285714 0.6363636363636364 0.6666666666666666 0.9703225806451613 0.4638180565127498 0.6787850357687346 0.26916221033868093 0.5980707395498394 0.2235294117647059 0.5 0.0 0.006380404092259177 
0.5 0.2857142857142857 0.6363636363636364 0.5 0.9819354838709676 0.7625775327360442 0.8100152456901607 0.24777183600713013 0.5819935691318329 0.3176470588235294 0.2555555555555556 0.0 0.0 
0.0 0.2857142857142857 0.7272727272727273 0.8333333333333334 0.9483870967741935 0.34872501722949695 0.872053477190102 0.14973262032085563 0.707395498392283 0.1411764705882353 0.30000000000000004 0.0 0.0 
0.25 0.2857142857142857 0.7272727272727273 0.16666666666666666 0.847741935483871 0.24913852515506552 0.7787029435909464 0.05704099821746881 0.504823151125402 0.35294117647058826 0.30000000000000004 0.0 0.0 
0.875 0.5714285714285714 1.0 0.3333333333333333 0.8425806451612903 0.09200551343900758 0.4065908291309957 0.0944741532976827 0.09324758842443728 0.5411764705882353 0.8444444444444444 0.0 0.010258149682813245 
0.875 0.5714285714285714 0.6363636363636364 0.8333333333333334 0.967741935483871 0.7925568573397657 0.8293655447402369 0.14973262032085563 0.7942122186495177 0.18823529411764706 0.35555555555555557 0.0 0.004546954640460563 
0.375 0.2857142857142857 0.6363636363636364 0.8333333333333334 0.9225806451612903 0.33011716057891116 0.7227629881552715 0.15864527629233513 0.5209003215434084 0.3176470588235294 0.7 0.0 0.0 
0.625 0.42857142857142855 0.18181818181818182 0.5 0.9316129032258065 0.06133700895933838 0.026621320511316996 0.14260249554367202 0.2090032154340836 0.4235294117647059 0.6 0.0 0.0 
0.875 0.5714285714285714 0.6363636363636364 0.0 0.9470967741935483 0.7095106822880772 0.7795238653688285 0.1461675579322638 0.7491961414790997 0.16470588235294117 0.15555555555555556 0.0 0.0011275714128561477 
0.625 0.42857142857142855 0.18181818181818182 0.6666666666666666 0.9354838709677419 0.16264645072363887 0.10542981118799107 0.22281639928698752 0.3054662379421222 0.21176470588235294 0.4 0.0 0.007617982472223242 
0.25 0.2857142857142857 0.6363636363636364 0.16666666666666666 0.9987096774193547 0.6202618883528601 0.7778820218130644 0.2549019607843137 0.9678456591639871 0.1411764705882353 0.20000000000000004 0.0 0.013457518976201828 
0.0 0.0 0.6363636363636364 0.16666666666666666 0.9329032258064516 0.4138525155065473 0.6493491263046792 0.12477718360071301 0.6237942122186496 0.047058823529411764 0.7 0.0 0.0 
0.375 0.2857142857142857 0.18181818181818182 0.8333333333333334 0.9419354838709677 0.11957270847691247 0.08549313943942768 0.13903743315508021 0.47588424437299043 0.1411764705882353 0.5 0.0 0.02627333064427414 
0.375 0.2857142857142857 0.8181818181818182 0.8333333333333334 0.9277419354838708 0.14679531357684356 0.7962941245455611 0.11942959001782531 0.5209003215434084 0.11764705882352941 0.30000000000000004 0.0 0.02221224010854021 
0.125 0.0 0.18181818181818182 1.0 0.9109677419354838 0.1729841488628532 0.11058989093467807 0.1711229946524064 0.10610932475884245 0.5176470588235295 0.6555555555555554 0.0 0.0 
0.625 0.14285714285714285 0.2727272727272727 1.0 0.9329032258064516 0.046519641626464506 0.02075759352644541 0.21925133689839574 0.36977491961414793 0.21176470588235294 1.0 0.0 0.05603938249422464 
0.375 0.14285714285714285 0.7272727272727273 0.0 0.9406451612903225 0.36974500344589945 0.8867127946522809 0.11051693404634581 0.24437299035369778 0.8352941176470589 0.15555555555555556 0.0 0.0 
0.125 0.42857142857142855 0.5454545454545454 1.0 0.9703225806451613 0.5809786354238456 0.4736718658379266 0.21925133689839574 0.6816720257234727 0.29411764705882354 0.6555555555555554 0.0 0.0 
0.125 0.2857142857142857 0.0 0.8333333333333334 0.8180645161290322 0.00895933838731909 0.001641843555764044 0.0516934046345811 0.09967845659163986 0.7411764705882353 0.30000000000000004 0.0 0.0 
0.125 0.0 0.6363636363636364 1.0 0.9225806451612903 0.339421088904204 0.7309722059340917 0.1122994652406417 0.5980707395498394 0.21176470588235294 0.2555555555555556 0.0 0.0 
0.125 0.2857142857142857 0.6363636363636364 1.0 0.9406451612903225 0.6209510682288079 0.7096282397091591 0.1354723707664884 0.6012861736334405 0.4117647058823529 0.20000000000000004 0.0 0.014667595614388912 
0.625 0.2857142857142857 0.18181818181818182 0.3333333333333333 0.9096774193548387 0.09235010337698138 0.07376568546968452 0.1122994652406417 0.4405144694533762 0.23529411764705882 0.4 0.0 0.0 
1.0 1.0 0.5454545454545454 0.16666666666666666 0.8658064516129031 0.16264645072363887 0.3582737187756538 0.06951871657754011 0.5080385852090032 0.3176470588235294 0.2555555555555556 0.0 3.3002090132375054E-4 
0.5 0.2857142857142857 0.7272727272727273 0.3333333333333333 0.9574193548387098 0.45554789800137846 0.811187991087135 0.1639928698752228 0.6334405144694534 0.23529411764705882 0.15555555555555556 0.0 0.002355982545561219 
0.625 0.2857142857142857 0.09090909090909091 0.16666666666666666 0.7277419354838709 0.01137146795313577 0.009733786794886828 0.0338680926916221 0.09324758842443728 0.7294117647058823 0.5555555555555556 0.0 0.001961790913424517 
0.0 0.0 0.5454545454545454 0.8333333333333334 0.9199999999999999 0.1729841488628532 0.338219772487393 0.1550802139037433 0.4630225080385853 0.4470588235294118 0.5555555555555556 0.0 6.508745553885079E-4 
0.875 0.42857142857142855 0.6363636363636364 0.3333333333333333 0.9599999999999999 0.5382494831150931 0.77260466752668 0.24064171122994651 0.7009646302250805 0.24705882352941178 0.30000000000000004 0.0 2.2001393421583368E-4 
0.25 0.2857142857142857 0.09090909090909091 0.8333333333333334 0.8412903225806452 0.023776705720192973 0.02615222235252726 0.04634581105169341 0.33762057877813506 0.38823529411764707 0.15555555555555556 0.0 0.0 
0.75 0.42857142857142855 0.6363636363636364 0.8333333333333334 0.967741935483871 0.7925568573397657 0.8293655447402369 0.14973262032085563 0.7781350482315113 0.21176470588235294 0.35555555555555557 0.0 0.0 
0.25 0.42857142857142855 0.18181818181818182 0.16666666666666666 0.8954838709677418 0.08476912474155754 0.0700129001993667 0.0677361853832442 0.40836012861736337 0.27058823529411763 0.2555555555555556 0.0 0.0 
0.25 0.5714285714285714 0.45454545454545453 0.6666666666666666 0.9341935483870967 0.32046864231564437 0.2629295180016418 0.1265597147950089 0.5466237942122187 0.27058823529411763 0.4555555555555555 0.0 0.0 
0.625 0.14285714285714285 0.5454545454545454 0.16666666666666666 0.9548387096774194 0.5616815988973122 0.6660021109417145 0.15864527629233513 0.7749196141479101 0.2823529411764706 0.30000000000000004 0.0 0.006435407575813135 
0.625 0.14285714285714285 0.7272727272727273 0.5 0.9561290322580644 0.4062715368711234 0.9095813298932801 0.13368983957219252 0.5369774919614148 0.2235294117647059 0.7555555555555555 0.0 0.03149866158190019 
0.75 0.2857142857142857 0.09090909090909091 0.0 0.8516129032258064 0.02894555478980014 0.059106368007505565 0.0730837789661319 0.17041800643086819 0.6588235294117647 0.6555555555555554 0.0 0.009130578269957099 
0.125 0.2857142857142857 0.6363636363636364 0.6666666666666666 0.9406451612903225 0.38352860096485186 0.6627184238301864 0.15864527629233513 0.617363344051447 0.3176470588235294 0.30000000000000004 0.0 0.003896080085072055 
0.875 0.5714285714285714 0.6363636363636364 0.0 0.9393548387096774 0.4972432804962096 0.7039990618036824 0.1907308377896613 0.1864951768488746 0.8352941176470589 0.20000000000000004 0.0 0.0 
0.625 0.14285714285714285 0.7272727272727273 1.0 0.9651612903225806 0.5106822880771882 0.8451976075993902 0.1443850267379679 0.662379421221865 0.2823529411764706 0.35555555555555557 0.0 0.0 
0.0 0.0 0.7272727272727273 0.5 0.9574193548387098 0.46829772570640943 0.8191626597865603 0.1639928698752228 0.7459807073954984 0.1411764705882353 0.20000000000000004 0.0 0.0 
0.375 0.42857142857142855 0.6363636363636364 1.0 0.9225806451612903 0.339421088904204 0.7309722059340917 0.1122994652406417 0.617363344051447 0.21176470588235294 0.30000000000000004 0.0 0.0 
0.875 0.5714285714285714 0.18181818181818182 1.0 0.9109677419354838 0.1729841488628532 0.11058989093467807 0.1711229946524064 0.2958199356913183 0.9882352941176471 0.15555555555555556 0.0 0.0 
0.0 0.0 0.5454545454545454 0.6666666666666666 0.9290322580645162 0.2749827705031014 0.42265744106954384 0.29946524064171126 0.4051446945337621 0.7411764705882353 0.8444444444444444 0.0 0.0 
0.625 0.5714285714285714 0.6363636363636364 0.8333333333333334 0.9974193548387097 0.5613370089593385 0.7448106016183886 0.24955436720142601 0.919614147909968 0.17647058823529413 0.5 0.0 0.007874665395475048 
