0.375 0.2857142857142857 0.7272727272727273 1.0 0.9651612903225806 0.5106822880771882 0.8451976075993902 0.1443850267379679 0.6655948553054662 0.2823529411764706 0.5 0.0 0.044506985442411356 
0.125 0.42857142857142855 0.6363636363636364 0.8333333333333334 0.967741935483871 0.7925568573397657 0.8293655447402369 0.14973262032085563 0.5369774919614148 0.5764705882352941 0.5 0.0 0.0 
0.25 0.2857142857142857 0.6363636363636364 0.3333333333333333 0.9599999999999999 0.5382494831150931 0.77260466752668 0.24064171122994651 0.6270096463022509 0.29411764705882354 0.0 0.0 0.0022643100729712886 
0.375 0.2857142857142857 0.7272727272727273 0.6666666666666666 0.9470967741935483 0.3373535492763612 0.8647824557288611 0.1711229946524064 0.4244372990353698 0.4470588235294118 0.6555555555555554 0.0 0.006701257746323934 
0.25 0.2857142857142857 0.6363636363636364 0.16666666666666666 0.9470967741935483 0.5220537560303239 0.7626363316523983 0.2549019607843137 0.6045016077170419 0.2 0.30000000000000004 0.0 0.0 
0.625 0.42857142857142855 0.18181818181818182 0.6666666666666666 0.9354838709677419 0.16264645072363887 0.10542981118799107 0.22281639928698752 0.39871382636655944 0.12941176470588237 1.0 0.0 0.0023193135565252464 
0.875 0.8571428571428571 0.6363636363636364 0.3333333333333333 0.9419354838709677 0.6557546519641627 0.736484109299871 0.13903743315508021 0.7717041800643087 0.24705882352941178 0.4555555555555555 0.0 0.17029078508305526 
0.375 0.2857142857142857 0.6363636363636364 0.16666666666666666 0.9819354838709676 0.3694004135079256 0.7496188577459834 0.30303030303030304 0.4630225080385853 0.4588235294117647 0.5555555555555556 0.0 0.0 
0.875 0.5714285714285714 0.6363636363636364 0.5 0.9819354838709676 0.7625775327360442 0.8100152456901607 0.24777183600713013 0.8135048231511255 0.1411764705882353 0.5 0.0 0.6841333284441348 
0.75 0.5714285714285714 0.5454545454545454 0.16666666666666666 0.9599999999999999 0.6178497587870435 0.4959540283804386 0.19607843137254902 0.7942122186495177 0.15294117647058825 0.5555555555555556 0.0 0.0792508525539951 
0.5 0.2857142857142857 0.7272727272727273 0.6666666666666666 0.9625806451612903 0.4827705031013094 0.8279582502638677 0.24777183600713013 0.8167202572347269 0.17647058823529413 0.1 0.0 0.0 
0.375 0.42857142857142855 0.6363636363636364 1.0 0.9458064516129032 0.6964162646450723 0.7700246276533365 0.1443850267379679 0.26366559485530544 0.7058823529411765 0.05555555555555555 0.0 0.0 
0.375 0.14285714285714285 0.18181818181818182 0.0 0.889032258064516 0.17608545830461753 0.11246628356983697 0.08912655971479501 0.28295819935691324 0.36470588235294116 0.6 0.0 0.03378130614938946 
0.625 0.14285714285714285 0.18181818181818182 0.8333333333333334 0.9277419354838708 0.16884906960716747 0.1084789492201243 0.13903743315508021 0.41800643086816724 0.18823529411764706 0.8999999999999999 0.0 0.0017784459682446555 
0.625 0.42857142857142855 0.7272727272727273 0.8333333333333334 0.8825806451612902 1.0 1.0 0.07130124777183601 0.47588424437299043 0.611764705882353 0.5 0.0 0.003621062667302263 
0.375 0.5714285714285714 0.7272727272727273 1.0 0.9651612903225806 0.5106822880771882 0.8451976075993902 0.1443850267379679 0.8392282958199357 0.12941176470588237 0.30000000000000004 0.0 0.05876205493014557 
0.875 0.5714285714285714 0.6363636363636364 0.3333333333333333 0.9870967741935484 0.746381805651275 0.7999296352761815 0.32085561497326204 0.8360128617363345 0.16470588235294117 0.15555555555555556 0.0 0.0053720068937699395 
0.125 0.42857142857142855 0.7272727272727273 0.0 0.9316129032258065 0.43211578221915925 0.7958250263867714 0.12477718360071301 0.6334405144694534 0.2823529411764706 0.15555555555555556 0.0 4.3086062117267426E-4 
0.5 0.2857142857142857 0.7272727272727273 0.6666666666666666 0.9238709677419354 0.9955203308063404 0.993784449396036 0.1319073083778966 0.4501607717041801 0.5058823529411764 0.35555555555555557 0.0 0.0 
0.125 0.2857142857142857 0.6363636363636364 1.0 0.9664516129032257 0.8063404548587182 0.8387475079160315 0.1800356506238859 0.6012861736334405 0.6 0.5 0.0 0.01406255729529537 
0.0 0.0 0.6363636363636364 0.3333333333333333 0.9909677419354839 0.3404548587181255 0.5927055236308197 0.2352941176470588 0.6784565916398715 0.18823529411764706 0.4555555555555555 0.0 5.041985992446189E-4 
0.25 0.14285714285714285 0.7272727272727273 0.8333333333333334 0.9483870967741935 0.34872501722949695 0.872053477190102 0.14973262032085563 0.707395498392283 0.1411764705882353 0.30000000000000004 0.0 0.00603204869641744 
0.375 0.2857142857142857 0.7272727272727273 0.5 0.9574193548387098 0.46829772570640943 0.8191626597865603 0.1639928698752228 0.5980707395498394 0.023529411764705882 0.1 0.0 0.0 
0.75 0.2857142857142857 0.7272727272727273 0.0 0.9316129032258065 0.43211578221915925 0.7958250263867714 0.12477718360071301 0.5530546623794212 0.38823529411764707 0.1 0.0 0.0 
0.75 0.2857142857142857 0.7272727272727273 0.6666666666666666 0.9470967741935483 0.3373535492763612 0.8647824557288611 0.1711229946524064 0.5916398713826367 0.32941176470588235 0.35555555555555557 0.0 0.001860951193575593 
0.75 0.2857142857142857 0.5454545454545454 0.8333333333333334 0.9406451612903225 0.35527222605099934 0.547672100387006 0.16042780748663102 0.7106109324758844 0.17647058823529413 0.15555555555555556 0.0 0.0 
0.75 0.42857142857142855 0.2727272727272727 1.0 0.815483870967742 0.006547208821502412 0.0 0.062388591800356503 0.36012861736334406 0.7058823529411765 0.15555555555555556 0.0 0.0 
0.125 0.0 0.7272727272727273 0.8333333333333334 0.952258064516129 0.4135079255685734 0.7816348070833822 0.1532976827094474 0.5144694533762059 0.36470588235294116 0.15555555555555556 0.0 0.18420666642220676 
0.625 0.42857142857142855 0.7272727272727273 0.5 0.9561290322580644 0.4062715368711234 0.9095813298932801 0.13368983957219252 0.6237942122186496 0.1411764705882353 0.20000000000000004 0.0 0.0 
0.0 0.0 0.7272727272727273 1.0 0.9651612903225806 0.5106822880771882 0.8451976075993902 0.1443850267379679 0.7427652733118972 0.24705882352941178 0.35555555555555557 0.0 0.0 
0.5 0.5714285714285714 0.7272727272727273 0.3333333333333333 0.9754838709677419 0.2894555478980014 0.8026269496892224 0.28342245989304815 0.7620578778135049 0.10588235294117647 0.4 0.0 0.0 
0.875 0.5714285714285714 0.6363636363636364 0.5 0.9870967741935484 0.4500344589937974 0.6695203471326374 0.18538324420677363 0.594855305466238 0.35294117647058826 0.20000000000000004 0.0 0.002337648051043233 
1.0 0.2857142857142857 0.5454545454545454 0.8333333333333334 0.9406451612903225 0.35527222605099934 0.547672100387006 0.16042780748663102 0.7427652733118972 0.2823529411764706 0.05555555555555555 0.0 0.007333797807194456 
0.375 0.42857142857142855 0.18181818181818182 0.6666666666666666 0.9419354838709677 0.11095796002756718 0.08162307962941244 0.16042780748663102 0.48231511254019294 0.12941176470588237 0.4555555555555555 0.0 0.0 
0.625 0.42857142857142855 0.6363636363636364 0.6666666666666666 0.9329032258064516 0.571330117160579 0.8733434971267738 0.1265597147950089 0.5144694533762059 0.5529411764705883 0.5555555555555556 0.0 3.9419163213670204E-4 
0.375 0.2857142857142857 0.18181818181818182 0.0 0.8838709677419355 0.07856650585802893 0.0666119385481412 0.0730837789661319 0.30868167202572355 0.23529411764705882 0.15555555555555556 0.0 0.0 
0.25 0.42857142857142855 0.8181818181818182 0.3333333333333333 0.9380645161290323 0.1268090971743625 0.7809311598451976 0.09269162210338681 0.4405144694533762 0.36470588235294116 0.35555555555555557 0.0 0.0 
0.625 0.42857142857142855 0.18181818181818182 0.0 0.921290322580645 0.1330117160578911 0.09229506274187872 0.11051693404634581 0.41800643086816724 0.1411764705882353 0.30000000000000004 0.0 0.029206849767151922 
0.125 0.0 0.6363636363636364 0.16666666666666666 0.9819354838709676 0.3694004135079256 0.7496188577459834 0.30303030303030304 0.7202572347266882 0.08235294117647059 0.4555555555555555 0.0 0.007984672362582965 
0.125 0.2857142857142857 0.6363636363636364 0.16666666666666666 0.9819354838709676 0.3694004135079256 0.7496188577459834 0.30303030303030304 0.5755627009646304 0.29411764705882354 0.4 0.0 0.0 
0.0 0.0 0.6363636363636364 1.0 0.9380645161290323 0.4869055823569952 0.696024393104257 0.1889483065953654 0.5562700964630226 0.2823529411764706 0.6555555555555554 0.0 0.0 
0.75 0.5714285714285714 0.5454545454545454 0.3333333333333333 0.9354838709677419 0.6271536871123363 0.5040459716195613 0.22281639928698752 0.33440514469453375 0.8823529411764706 0.7999999999999999 0.03125 0.0 
0.375 0.2857142857142857 0.7272727272727273 0.0 0.9316129032258065 0.43211578221915925 0.7958250263867714 0.12477718360071301 0.4983922829581994 0.2823529411764706 0.20000000000000004 0.0 0.0028143449085108723 
0.125 0.42857142857142855 0.7272727272727273 0.0 0.9406451612903225 0.36974500344589945 0.8867127946522809 0.11051693404634581 0.54983922829582 0.3411764705882353 0.20000000000000004 0.0 0.003602728172784277 
0.625 0.42857142857142855 0.7272727272727273 0.16666666666666666 0.9445161290322581 0.3811164713990352 0.8941010906532191 0.11586452762923351 0.5594855305466239 0.35294117647058826 0.30000000000000004 0.0 0.01836199625976312 
0.625 0.42857142857142855 0.7272727272727273 0.8333333333333334 0.9483870967741935 0.34872501722949695 0.872053477190102 0.14973262032085563 0.5627009646302251 0.23529411764705882 0.15555555555555556 0.0 0.0 
0.375 0.5714285714285714 1.0 1.0 0.847741935483871 0.08993797381116471 0.40530080919432393 0.1212121212121212 0.08360128617363344 0.49411764705882355 0.8999999999999999 0.0 0.008232188038575778 
0.125 0.2857142857142857 0.6363636363636364 1.0 0.9741935483870968 0.41764300482425915 0.6825378210390524 0.22994652406417113 0.4244372990353698 0.6 0.4 0.0 0.009286421473359981 
0.875 0.5714285714285714 0.6363636363636364 0.8333333333333334 0.967741935483871 0.7925568573397657 0.8293655447402369 0.14973262032085563 0.5369774919614148 0.5764705882352941 0.5 0.0 0.003043526089985699 
0.625 0.42857142857142855 0.7272727272727273 0.8333333333333334 0.9354838709677419 0.321157822191592 0.8637269848715843 0.14973262032085563 0.46945337620578786 0.3764705882352941 0.5 0.0 0.011587400535367241 
1.0 0.2857142857142857 0.45454545454545453 0.8333333333333334 0.9264516129032258 0.2067539627842867 0.28697079863961533 0.16755793226381463 0.7170418006430869 0.4117647058823529 0.30000000000000004 0.0 0.06446408272523926 
0.125 0.0 0.6363636363636364 0.3333333333333333 0.9470967741935483 0.3793935217091661 0.7578280755248036 0.1711229946524064 0.5209003215434084 0.35294117647058826 0.35555555555555557 0.0 0.0014942613032158704 
0.375 0.42857142857142855 0.7272727272727273 0.8333333333333334 0.952258064516129 0.4135079255685734 0.7816348070833822 0.1532976827094474 0.4983922829581994 0.11764705882352941 0.30000000000000004 0.0 0.14198232554728465 
0.75 0.2857142857142857 0.6363636363636364 1.0 0.9380645161290323 0.4869055823569952 0.696024393104257 0.1889483065953654 0.45337620578778143 0.5294117647058824 0.5555555555555556 0.0 0.0 
0.875 0.14285714285714285 0.45454545454545453 0.0 0.896774193548387 0.32770503101309445 0.2592940072710214 0.08377896613190731 0.3890675241157557 0.7529411764705882 0.4 0.0 0.0017784459682446555 
0.625 0.5714285714285714 0.6363636363636364 0.0 1.0 0.6009648518263268 0.7668582150815058 0.29946524064171126 0.6977491961414791 0.3176470588235294 0.20000000000000004 0.0 0.0 
0.75 0.2857142857142857 0.6363636363636364 0.5 0.9445161290322581 0.3725017229496899 0.653922833352879 0.14260249554367202 0.617363344051447 0.27058823529411763 0.2555555555555556 0.0 0.0013934215833669467 
0.5 0.2857142857142857 0.18181818181818182 0.0 0.921290322580645 0.1330117160578911 0.09229506274187872 0.11051693404634581 0.3536977491961415 0.29411764705882354 0.5555555555555556 0.0 8.708884896043417E-4 
1.0 1.0 0.5454545454545454 0.5 0.9612903225806452 0.3904203997243281 0.6474727336695203 0.16934046345811052 0.9003215434083602 0.11764705882352941 0.4555555555555555 0.0 0.002520992996223094 
0.375 0.2857142857142857 0.7272727272727273 0.3333333333333333 0.921290322580645 0.2818745692625776 0.8535240999179079 0.11051693404634581 0.3440514469453376 0.6941176470588235 0.5 0.0 0.0 
0.125 0.42857142857142855 0.6363636363636364 0.5 0.8877419354838709 0.2615437629221227 0.8055588131816582 0.08912655971479501 0.6463022508038586 0.36470588235294116 0.4 0.0 0.0 
0.25 0.2857142857142857 0.18181818181818182 0.8333333333333334 0.9419354838709677 0.11957270847691247 0.08549313943942768 0.13903743315508021 0.3022508038585209 0.17647058823529413 0.6555555555555554 0.0 0.0 
0.875 0.5714285714285714 0.8181818181818182 0.3333333333333333 0.9380645161290323 0.1268090971743625 0.7809311598451976 0.09269162210338681 0.5787781350482315 0.25882352941176473 0.2555555555555556 0.0 0.012559128744820505 
0.75 0.42857142857142855 0.18181818181818182 0.6666666666666666 0.8709677419354839 0.0864920744314266 0.10132520229858097 0.0909090909090909 0.19292604501607716 0.4235294117647059 0.7 0.0 0.0 
0.25 0.2857142857142857 0.6363636363636364 0.0 0.9393548387096774 0.4972432804962096 0.7039990618036824 0.1907308377896613 0.47909967845659174 0.32941176470588235 0.5555555555555556 0.0 0.0 
0.375 0.5714285714285714 1.0 0.5 0.8503225806451612 0.08718125430737422 0.40354169109886245 0.035650623885918005 0.09324758842443728 0.5411764705882353 0.5 0.0 0.004931979025338272 
0.25 0.2857142857142857 0.6363636363636364 1.0 0.9380645161290323 0.4869055823569952 0.696024393104257 0.1889483065953654 0.5659163987138265 0.2823529411764706 0.5555555555555556 0.0 0.0 
0.0 0.0 0.6363636363636364 1.0 0.9225806451612903 0.339421088904204 0.7309722059340917 0.1122994652406417 0.504823151125402 0.3411764705882353 0.20000000000000004 0.0 0.0 
0.875 0.5714285714285714 0.6363636363636364 0.5 0.9290322580645162 0.6650585802894555 0.7448106016183886 0.1212121212121212 0.6141479099678457 0.3058823529411765 0.35555555555555557 0.0 0.0 
0.25 0.2857142857142857 0.09090909090909091 0.3333333333333333 0.88 0.018952446588559616 0.012665650287322621 0.05704099821746881 0.21221864951768493 0.23529411764705882 0.30000000000000004 0.0 0.0010083971984892377 
0.0 0.42857142857142855 0.7272727272727273 1.0 0.9651612903225806 0.5106822880771882 0.8451976075993902 0.1443850267379679 0.8231511254019294 0.1411764705882353 0.30000000000000004 0.0 0.08725385941109605 
0.25 0.2857142857142857 0.5454545454545454 0.8333333333333334 0.921290322580645 0.1726395589248794 0.4880966342207107 0.11051693404634581 0.7202572347266882 0.32941176470588235 0.15555555555555556 0.0 0.001310916358036009 
0.75 0.2857142857142857 0.6363636363636364 1.0 0.9432258064516128 0.5995864920744315 0.8124780110238068 0.24598930481283424 0.6334405144694534 0.6823529411764706 0.7999999999999999 0.15625 0.0 
0.75 0.14285714285714285 0.18181818181818182 0.0 0.889032258064516 0.17608545830461753 0.11246628356983697 0.08912655971479501 0.28295819935691324 0.36470588235294116 0.6 0.0 0.02507242125334605 
0.625 0.14285714285714285 0.7272727272727273 0.16666666666666666 0.9238709677419354 0.27429359062715375 0.8470740002345492 0.1122994652406417 0.5144694533762059 0.5529411764705883 0.4555555555555555 0.0 0.0 
0.75 0.2857142857142857 0.8181818181818182 0.6666666666666666 0.9199999999999999 0.13921433494141972 0.7912513193385716 0.1550802139037433 0.2926045016077171 0.5294117647058824 0.5555555555555556 0.0 0.0 
0.0 0.14285714285714285 0.18181818181818182 0.0 0.889032258064516 0.17608545830461753 0.11246628356983697 0.08912655971479501 0.1961414790996785 0.6705882352941176 0.30000000000000004 0.0 0.0 
0.375 0.2857142857142857 0.18181818181818182 0.0 0.889032258064516 0.17608545830461753 0.11246628356983697 0.08912655971479501 0.28295819935691324 0.36470588235294116 0.6 0.0 0.0 
0.75 0.2857142857142857 0.09090909090909091 1.0 0.8412903225806452 0.026188835286009647 0.02838043860677847 0.03743315508021391 0.21221864951768493 0.6235294117647059 0.20000000000000004 0.0 0.011963257672985957 
0.375 0.14285714285714285 0.6363636363636364 0.3333333333333333 0.9470967741935483 0.3793935217091661 0.7578280755248036 0.1711229946524064 0.5852090032154341 0.3176470588235294 0.5 0.0 0.0 
0.375 0.42857142857142855 0.6363636363636364 0.0 1.0 0.6009648518263268 0.7668582150815058 0.29946524064171126 0.9774919614147911 0.12941176470588237 0.30000000000000004 0.0 0.0025393274907410807 
0.75 0.2857142857142857 0.7272727272727273 0.8333333333333334 0.9354838709677419 0.4248793935217092 0.923419725577577 0.15151515151515152 0.6205787781350482 0.15294117647058825 0.4555555555555555 0.0 0.014337574713065163 
0.375 0.42857142857142855 0.7272727272727273 0.5 0.9574193548387098 0.46829772570640943 0.8191626597865603 0.1639928698752228 0.6398713826366561 0.2235294117647059 0.15555555555555556 0.0 0.013356679256352904 
0.875 0.5714285714285714 0.5454545454545454 0.16666666666666666 0.9496774193548386 0.3022053756030324 0.5077987568898792 0.15151515151515152 0.47909967845659174 0.611764705882353 0.35555555555555557 0.0 0.006022881449158447 
0.125 0.0 0.6363636363636364 0.16666666666666666 0.9819354838709676 0.3694004135079256 0.7496188577459834 0.30303030303030304 0.4887459807073955 0.32941176470588235 0.7 0.0 9.808954567122586E-4 
0.125 0.0 0.7272727272727273 0.0 0.9393548387096774 0.4445210199862164 0.937258121261874 0.13368983957219252 0.46945337620578786 0.32941176470588235 0.30000000000000004 0.0 0.00534450515199296 
0.75 0.2857142857142857 0.5454545454545454 1.0 0.967741935483871 0.3452791178497588 0.48727571244282863 0.2620320855614973 0.5144694533762059 0.788235294117647 0.4555555555555555 0.0 0.0020259616442374687 
0.25 0.42857142857142855 0.6363636363636364 0.8333333333333334 0.9651612903225806 0.4765678842177809 0.687580626246042 0.36185383244206776 0.4951768488745982 0.43529411764705883 0.6 0.0 0.0 
0.875 0.5714285714285714 0.6363636363636364 1.0 0.9496774193548386 0.290144727773949 0.5630350650873696 0.2620320855614973 0.5980707395498394 0.2 0.6555555555555554 0.0 0.0 
0.625 0.5714285714285714 0.5454545454545454 0.0 0.9741935483870968 0.2108890420399724 0.5101442476838278 0.19607843137254902 0.6688102893890676 0.24705882352941178 0.30000000000000004 0.0 0.0 
0.125 0.2857142857142857 0.6363636363636364 0.6666666666666666 0.9329032258064516 0.571330117160579 0.8733434971267738 0.1265597147950089 0.7620578778135049 0.3058823529411765 0.35555555555555557 0.0 0.0 
0.375 0.42857142857142855 0.7272727272727273 0.0 0.9019354838709677 0.31254307374224677 0.8232672686759704 0.1265597147950089 0.4887459807073955 0.4823529411764706 0.5555555555555556 0.0 0.0 
0.625 0.42857142857142855 0.6363636363636364 0.6666666666666666 0.5780645161290322 0.2401791867677464 0.7709628239709159 0.014260249554367202 0.47588424437299043 0.6705882352941176 0.7 0.0 0.0 
0.375 0.2857142857142857 0.7272727272727273 0.3333333333333333 0.953548387096774 0.39386629910406623 0.9020757593526445 0.1568627450980392 0.5627009646302251 0.3058823529411765 0.15555555555555556 0.0 0.0014484250669209052 
0.375 0.2857142857142857 1.0 0.0 0.8606451612903226 0.0837353549276361 0.4008443766858215 0.04634581105169341 0.07717041800643086 0.07058823529411765 0.8999999999999999 0.0 0.016363536357302633 
0.625 0.42857142857142855 0.6363636363636364 1.0 0.9458064516129032 0.6964162646450723 0.7700246276533365 0.1443850267379679 0.5434083601286175 0.6470588235294118 0.20000000000000004 0.0 0.0 
0.125 0.0 0.6363636363636364 0.16666666666666666 0.9819354838709676 0.3694004135079256 0.7496188577459834 0.30303030303030304 0.7202572347266882 0.08235294117647059 0.4555555555555555 0.0 0.009176414506252064 
0.125 0.2857142857142857 0.6363636363636364 1.0 0.8116129032258064 0.19159200551343902 0.7713146475900082 0.0338680926916221 0.6334405144694534 0.6588235294117647 0.6 0.0 0.04976898536907338 
0.375 0.14285714285714285 0.7272727272727273 1.0 0.9264516129032258 0.32942798070296353 0.8708807317931276 0.20320855614973263 0.5852090032154341 0.47058823529411764 0.5 0.0 0.0033368780022734776 
0.375 0.42857142857142855 0.18181818181818182 0.6666666666666666 0.9354838709677419 0.16264645072363887 0.10542981118799107 0.22281639928698752 0.437299035369775 0.1411764705882353 0.7999999999999999 0.0 0.0 
0.25 0.2857142857142857 0.7272727272727273 1.0 0.9161290322580645 0.30634045485871814 0.8168171689926117 0.0855614973262032 0.662379421221865 0.2823529411764706 0.35555555555555557 0.0 0.0 
0.75 0.2857142857142857 0.7272727272727273 0.0 0.9406451612903225 0.36974500344589945 0.8867127946522809 0.11051693404634581 0.54983922829582 0.3411764705882353 0.20000000000000004 0.0 0.0 
0.0 0.14285714285714285 0.6363636363636364 0.6666666666666666 0.9961290322580646 0.5406616126809097 0.7337867948868301 0.20142602495543674 0.9710610932475885 0.1411764705882353 0.20000000000000004 0.0 0.0 
