0.0 0.0 0.6363636363636364 0.6666666666666666 0.9329032258064516 0.571330117160579 0.8733434971267738 0.1265597147950089 0.7620578778135049 0.3058823529411765 0.35555555555555557 0.0 0.0 
0.375 0.5714285714285714 0.18181818181818182 1.0 0.9109677419354838 0.1729841488628532 0.11058989093467807 0.1711229946524064 0.270096463022508 0.36470588235294116 0.5 0.0 0.0 
0.5 0.2857142857142857 0.7272727272727273 0.6666666666666666 0.9470967741935483 0.3373535492763612 0.8647824557288611 0.1711229946524064 0.3408360128617364 0.5764705882352941 0.35555555555555557 0.0 0.0015034285504748634 
0.875 0.5714285714285714 0.7272727272727273 0.0 0.9445161290322581 0.3811164713990352 0.8941010906532191 0.11586452762923351 0.4340836012861737 0.4235294117647059 0.20000000000000004 0.0 0.0 
0.125 0.0 0.09090909090909091 0.0 0.8425806451612903 0.02825637491385252 0.03060865486102967 0.03743315508021391 0.3762057877813505 0.29411764705882354 0.5555555555555556 0.0 0.0 
0.375 0.14285714285714285 0.6363636363636364 0.8333333333333334 0.9741935483870968 0.4000689179875948 0.6722176615456784 0.19607843137254902 0.617363344051447 0.3411764705882353 0.2555555555555556 0.0 6.233728136115288E-4 
0.375 0.2857142857142857 0.6363636363636364 0.16666666666666666 0.9858064516129031 0.48311509303928335 0.701184472850944 0.3155080213903743 0.5530546623794212 0.6588235294117647 0.7999999999999999 0.0 0.04281104469949764 
0.5 0.2857142857142857 0.6363636363636364 0.16666666666666666 0.904516129032258 0.503790489317712 0.7113873578046206 0.16042780748663102 0.4855305466237943 0.32941176470588235 0.4555555555555555 0.0 0.0 
0.875 0.5714285714285714 0.6363636363636364 0.0 0.9341935483870967 0.35182632667126124 0.7398850709510965 0.1033868092691622 0.6816720257234727 0.08235294117647059 0.2555555555555556 0.0 0.0 
0.375 0.42857142857142855 0.5454545454545454 0.6666666666666666 0.9406451612903225 0.3414886285320469 0.5375864899730268 0.1122994652406417 0.6655948553054662 0.29411764705882354 0.1 0.0 0.0024201532763741705 
0.75 0.2857142857142857 0.7272727272727273 0.3333333333333333 0.921290322580645 0.2818745692625776 0.8535240999179079 0.11051693404634581 0.4244372990353698 0.49411764705882355 0.4555555555555555 0.0 0.03456968941366287 
0.125 0.2857142857142857 0.6363636363636364 0.5 0.9406451612903225 0.852170916609235 0.8747507916031428 0.1122994652406417 0.4630225080385853 0.5176470588235295 0.2555555555555556 0.0 0.0 
0.875 0.42857142857142855 0.8181818181818182 0.0 0.8541935483870968 0.10923501033769813 0.7696728040342442 0.053475935828877004 0.4662379421221865 0.3764705882352941 0.5 0.0 0.0 
0.25 0.2857142857142857 0.6363636363636364 1.0 0.9380645161290323 0.4869055823569952 0.696024393104257 0.1889483065953654 0.3022508038585209 0.8470588235294118 0.4555555555555555 0.0 0.0 
0.25 0.2857142857142857 0.6363636363636364 0.16666666666666666 0.904516129032258 0.503790489317712 0.7113873578046206 0.16042780748663102 0.39228295819935693 0.6 0.5555555555555556 0.0 0.0 
0.75 0.2857142857142857 0.7272727272727273 0.6666666666666666 0.950967741935484 0.4024810475534115 0.7741292365427466 0.2174688057040998 0.5401929260450161 0.2235294117647059 0.6 0.0 0.0 
0.875 0.5714285714285714 0.6363636363636364 0.0 0.9470967741935483 0.7095106822880772 0.7795238653688285 0.1461675579322638 0.6077170418006432 0.4588235294117647 0.20000000000000004 0.0 0.0 
0.5 0.2857142857142857 0.6363636363636364 1.0 0.9664516129032257 0.8063404548587182 0.8387475079160315 0.1800356506238859 0.7041800643086817 0.4117647058823529 0.4 0.0 0.0 
0.625 0.14285714285714285 0.6363636363636364 0.5 0.9406451612903225 0.4720882150241213 0.7198311246628357 0.1122994652406417 0.5369774919614148 0.3058823529411765 0.30000000000000004 0.0 0.009478933665798835 
0.875 0.14285714285714285 0.7272727272727273 0.16666666666666666 0.847741935483871 0.24913852515506552 0.7787029435909464 0.05704099821746881 0.707395498392283 0.15294117647058825 0.35555555555555557 0.0 8.800557368633347E-4 
0.875 0.5714285714285714 0.5454545454545454 1.0 0.9058064516129033 0.9028256374913853 0.9241233728157616 0.09269162210338681 0.8713826366559486 0.1411764705882353 0.35555555555555557 0.0 0.005775365773165634 
0.75 0.2857142857142857 0.6363636363636364 1.0 0.8116129032258064 0.19159200551343902 0.7713146475900082 0.0338680926916221 0.6109324758842444 0.6470588235294118 0.7 0.0 0.010230647941036267 
0.375 0.14285714285714285 0.7272727272727273 0.5 0.9574193548387098 0.46829772570640943 0.8191626597865603 0.1639928698752228 0.819935691318328 0.10588235294117647 0.20000000000000004 0.0 0.0 
0.625 0.14285714285714285 0.7272727272727273 0.0 0.9406451612903225 0.36974500344589945 0.8867127946522809 0.11051693404634581 0.6688102893890676 0.2235294117647059 0.20000000000000004 0.0 0.05137325363939717 
0.125 0.0 0.6363636363636364 0.16666666666666666 0.9470967741935483 0.5220537560303239 0.7626363316523983 0.2549019607843137 0.6913183279742766 0.10588235294117647 0.30000000000000004 0.0 0.0 
0.125 0.0 0.6363636363636364 0.5 0.9419354838709677 0.39007580978635426 0.7662718423830186 0.1122994652406417 0.527331189710611 0.3411764705882353 0.4555555555555555 0.0 0.0 
0.875 0.5714285714285714 0.45454545454545453 1.0 0.9251612903225807 0.3046175051688491 0.33176967280403424 0.11408199643493762 0.4244372990353698 0.35294117647058826 0.20000000000000004 0.0 0.0 
0.125 0.2857142857142857 0.7272727272727273 1.0 0.950967741935484 0.36078566505858034 0.8797935968101325 0.17647058823529413 0.44372990353697755 0.35294117647058826 0.15555555555555556 0.0 0.0 
0.25 0.2857142857142857 0.7272727272727273 0.3333333333333333 0.9354838709677419 0.4603721571330117 0.9494546733904069 0.12834224598930483 0.5241157556270097 0.17647058823529413 0.2555555555555556 0.0 0.0 
0.75 0.42857142857142855 0.6363636363636364 0.16666666666666666 0.9987096774193547 0.6202618883528601 0.7778820218130644 0.2549019607843137 0.807073954983923 0.5647058823529412 0.5 1.0 0.009918961534230502 
0.75 0.2857142857142857 0.6363636363636364 0.8333333333333334 0.9651612903225806 0.4765678842177809 0.687580626246042 0.36185383244206776 0.6913183279742766 0.2 0.6 0.0 0.0 
0.75 0.42857142857142855 0.45454545454545453 1.0 0.9599999999999999 0.6178497587870435 0.4959540283804386 0.19607843137254902 0.6430868167202572 0.38823529411764707 0.1 0.0 0.0 
0.75 0.2857142857142857 0.6363636363636364 1.0 0.9380645161290323 0.4869055823569952 0.696024393104257 0.1889483065953654 0.5755627009646304 0.2823529411764706 0.5555555555555556 0.0 0.0025118257489641013 
0.625 0.42857142857142855 0.7272727272727273 0.6666666666666666 0.952258064516129 0.41660923501033775 0.9168523513545209 0.1818181818181818 0.5209003215434084 0.3176470588235294 0.20000000000000004 0.0 9.992299512302447E-4 
0.0 0.2857142857142857 0.7272727272727273 0.0 0.9393548387096774 0.4445210199862164 0.937258121261874 0.13368983957219252 0.6141479099678457 0.23529411764705882 0.20000000000000004 0.0 0.025842470023101465 
0.25 0.42857142857142855 0.18181818181818182 0.16666666666666666 0.8954838709677418 0.08476912474155754 0.0700129001993667 0.0677361853832442 0.4276527331189711 0.1411764705882353 0.6555555555555554 0.0 0.0 
0.625 0.2857142857142857 0.18181818181818182 0.8333333333333334 0.9303225806451613 0.14059269469331495 0.09557874985340682 0.1408199643493761 0.35691318327974286 0.3176470588235294 0.05555555555555555 0.0 0.0067837629716548725 
0.375 0.5714285714285714 0.7272727272727273 0.5 0.967741935483871 0.2749827705031014 0.7943004573707049 0.3190730837789661 0.4951768488745982 0.3176470588235294 0.30000000000000004 0.0 0.0 
0.0 0.2857142857142857 0.7272727272727273 0.0 0.9470967741935483 0.29841488628532054 0.8364020171220828 0.16934046345811052 0.5112540192926046 0.4588235294117647 0.30000000000000004 0.0 0.001952623666165524 
0.375 0.42857142857142855 0.7272727272727273 0.3333333333333333 0.9574193548387098 0.45554789800137846 0.811187991087135 0.1639928698752228 0.5530546623794212 0.047058823529411764 0.1 0.0 0.029078508305526017 
0.625 0.42857142857142855 0.7272727272727273 0.16666666666666666 0.9445161290322581 0.3811164713990352 0.8941010906532191 0.11586452762923351 0.6077170418006432 0.23529411764705882 0.2555555555555556 0.0 0.005179494701331085 
0.625 0.14285714285714285 0.6363636363636364 0.6666666666666666 0.9341935483870967 0.48242591316333566 0.7285094406004456 0.1265597147950089 0.54983922829582 0.2823529411764706 0.35555555555555557 0.0 0.001430090572402919 
0.75 0.2857142857142857 0.18181818181818182 0.0 0.921290322580645 0.1330117160578911 0.09229506274187872 0.11051693404634581 0.44694533762057886 0.16470588235294117 0.30000000000000004 0.0 0.0016042682703237873 
0.625 0.42857142857142855 0.7272727272727273 0.5 0.8954838709677418 0.17987594762232942 0.8432039404245338 0.09625668449197862 0.36977491961414793 0.4823529411764706 0.15555555555555556 0.0 0.004051923288474937 
0.125 0.42857142857142855 0.8181818181818182 1.0 0.953548387096774 0.15644383184011026 0.8020405769907353 0.1568627450980392 0.4244372990353698 0.23529411764705882 0.05555555555555555 0.0 0.0 
0.375 0.2857142857142857 0.7272727272727273 1.0 0.950967741935484 0.4238456237077877 0.7890231030843204 0.15151515151515152 0.47266881028938906 0.5294117647058824 0.1 0.0 0.027025044919511573 
0.25 0.2857142857142857 0.6363636363636364 0.5 0.9406451612903225 0.852170916609235 0.8747507916031428 0.1122994652406417 0.46945337620578786 0.4823529411764706 0.30000000000000004 0.0 0.0 
0.75 0.2857142857142857 0.6363636363636364 0.8333333333333334 0.9225806451612903 0.37835975189524473 0.6209686876979007 0.11051693404634581 0.5562700964630226 0.32941176470588235 0.6 0.0 0.0 
0.375 0.42857142857142855 0.09090909090909091 1.0 0.8554838709677419 0.027222605099931085 0.05746452445174152 0.062388591800356503 0.2540192926045016 0.5529411764705883 0.15555555555555556 0.0 0.047468006307066116 
0.125 0.0 0.6363636363636364 0.8333333333333334 0.9651612903225806 0.4765678842177809 0.687580626246042 0.36185383244206776 0.6655948553054662 0.18823529411764706 0.7555555555555555 0.0 0.014163397015144293 
0.25 0.2857142857142857 0.18181818181818182 0.3333333333333333 0.9225806451612903 0.05995864920744314 0.038935147179547325 0.13012477718360071 0.28938906752411575 0.3058823529411765 0.5555555555555556 0.0 0.005087822228741154 
0.25 0.2857142857142857 0.6363636363636364 0.5 0.9587096774193548 0.2556857339765679 0.5379383135921192 0.13725490196078433 0.5594855305466239 0.24705882352941178 0.30000000000000004 0.0 0.0 
0.125 0.42857142857142855 0.6363636363636364 1.0 0.9406451612903225 0.6209510682288079 0.7096282397091591 0.1354723707664884 0.7266881028938907 0.24705882352941178 0.4 0.0 0.0027960104139928862 
0.375 0.2857142857142857 1.0 0.0 0.8606451612903226 0.0837353549276361 0.4008443766858215 0.04634581105169341 0.07717041800643086 0.07058823529411765 0.8999999999999999 0.0 0.008956400572036229 
0.0 0.0 0.6363636363636364 0.5 0.9419354838709677 0.39007580978635426 0.7662718423830186 0.1122994652406417 0.5787781350482315 0.35294117647058826 0.35555555555555557 0.0 0.0 
0.25 0.2857142857142857 0.6363636363636364 0.6666666666666666 0.9406451612903225 0.38352860096485186 0.6627184238301864 0.15864527629233513 0.28938906752411575 0.8117647058823529 0.7999999999999999 0.0 0.003025191595467713 
0.125 0.0 0.6363636363636364 0.16666666666666666 0.9793548387096773 0.7270847691247416 0.7892576521637152 0.16934046345811052 0.8263665594855306 0.1411764705882353 0.20000000000000004 0.0 0.0 
0.5 0.2857142857142857 0.7272727272727273 0.6666666666666666 0.9754838709677419 0.2894555478980014 0.8026269496892224 0.28342245989304815 0.5755627009646304 0.3764705882352941 0.5 0.0 0.0013384180998129882 
0.875 0.42857142857142855 0.6363636363636364 0.3333333333333333 0.9599999999999999 0.5382494831150931 0.77260466752668 0.24064171122994651 0.7909967845659165 0.11764705882352941 0.30000000000000004 0.0 6.233728136115288E-4 
0.375 0.42857142857142855 0.6363636363636364 0.3333333333333333 0.9870967741935484 0.746381805651275 0.7999296352761815 0.32085561497326204 0.6816720257234727 0.4 0.5555555555555556 0.0 0.005894539987532544 
0.125 0.2857142857142857 0.6363636363636364 0.3333333333333333 0.9483870967741935 0.31185389386629914 0.5813298932801689 0.1711229946524064 0.594855305466238 0.6470588235294118 0.20000000000000004 0.0 6.875435444244803E-4 
0.875 0.5714285714285714 0.7272727272727273 0.16666666666666666 0.9329032258064516 0.44245348035837356 0.8029787733083148 0.12477718360071301 0.3504823151125402 0.5647058823529412 0.5555555555555556 0.0 0.0 
0.625 0.42857142857142855 0.7272727272727273 0.5 0.9561290322580644 0.4062715368711234 0.9095813298932801 0.13368983957219252 0.46945337620578786 0.15294117647058825 0.4 0.0 9.258919731583001E-4 
0.375 0.14285714285714285 0.6363636363636364 0.3333333333333333 0.9780645161290322 0.4765678842177809 0.7988741644189047 0.35650623885918004 0.8585209003215435 0.16470588235294117 0.5 0.0 0.04546037915734664 
0.375 0.14285714285714285 0.8181818181818182 1.0 0.953548387096774 0.15644383184011026 0.8020405769907353 0.1568627450980392 0.37299035369774924 0.4117647058823529 0.2555555555555556 0.0 0.0 
0.875 0.5714285714285714 0.6363636363636364 1.0 0.9225806451612903 0.339421088904204 0.7309722059340917 0.1122994652406417 0.4501607717041801 0.5176470588235295 0.30000000000000004 0.0 0.029399361959590777 
0.5 0.2857142857142857 0.09090909090909091 0.6666666666666666 0.8580645161290322 0.013094417643004825 0.009264688636097104 0.1122994652406417 0.17041800643086819 0.36470588235294116 0.8444444444444444 0.0 0.0222214073557992 
0.625 0.42857142857142855 0.7272727272727273 0.3333333333333333 0.9574193548387098 0.45554789800137846 0.811187991087135 0.1639928698752228 0.7781350482315113 0.07058823529411765 0.4555555555555555 0.0 0.0 
0.25 0.42857142857142855 0.7272727272727273 0.5 0.9290322580645162 0.4679531357684356 0.9556702239943707 0.1212121212121212 0.3440514469453376 0.2823529411764706 0.2555555555555556 0.0 0.0019984599024604893 
0.0 0.0 0.7272727272727273 0.5 0.9574193548387098 0.46829772570640943 0.8191626597865603 0.1639928698752228 0.6205787781350482 0.0 0.05555555555555555 0.0 0.0 
0.75 0.2857142857142857 0.6363636363636364 0.8333333333333334 0.9432258064516128 0.5851137146795314 0.8026269496892224 0.2442067736185383 0.6913183279742766 0.29411764705882354 0.15555555555555556 0.0 0.0012650801217410437 
0.0 0.42857142857142855 0.7272727272727273 0.0 0.9316129032258065 0.43211578221915925 0.7958250263867714 0.12477718360071301 0.6045016077170419 0.3176470588235294 0.20000000000000004 0.0 0.006692090499064941 
0.0 0.14285714285714285 0.7272727272727273 0.8333333333333334 0.9354838709677419 0.321157822191592 0.8637269848715843 0.14973262032085563 0.6463022508038586 0.38823529411764707 0.4 0.0 6.600418026475011E-4 
0.375 0.14285714285714285 0.6363636363636364 1.0 0.8116129032258064 0.19159200551343902 0.7713146475900082 0.0338680926916221 0.8231511254019294 0.2 0.2555555555555556 0.0 0.005903707234791538 
0.125 0.2857142857142857 0.6363636363636364 0.0 0.984516129032258 0.46312887663680224 0.690043391579688 0.37967914438502676 0.9131832797427654 0.15294117647058825 0.35555555555555557 0.0 0.0018976201826115654 
0.25 0.2857142857142857 0.18181818181818182 0.0 0.921290322580645 0.1330117160578911 0.09229506274187872 0.11051693404634581 0.270096463022508 0.17647058823529413 0.4 0.0 0.0 
0.375 0.14285714285714285 0.6363636363636364 0.3333333333333333 0.9470967741935483 0.3793935217091661 0.7578280755248036 0.1711229946524064 0.5852090032154341 0.3176470588235294 0.5 0.0 0.0 
0.375 0.42857142857142855 0.0 1.0 0.0 0.0 0.1917438724053008 0.0 0.09646302250803859 1.0 0.05555555555555555 0.0 0.0 
0.875 0.5714285714285714 0.18181818181818182 0.6666666666666666 0.9419354838709677 0.11957270847691247 0.08549313943942768 0.13903743315508021 0.4887459807073955 0.10588235294117647 0.5555555555555556 0.0 0.0 
0.625 0.42857142857142855 0.2727272727272727 0.5 0.8103225806451613 0.027567195037904894 0.05547085727688519 0.04812834224598931 0.1157556270096463 0.4588235294117647 0.6 0.0 0.004226100986395805 
0.875 0.5714285714285714 0.6363636363636364 0.3333333333333333 0.9599999999999999 0.5382494831150931 0.77260466752668 0.24064171122994651 0.8520900321543409 0.15294117647058825 0.2555555555555556 0.0 0.0 
0.25 0.5714285714285714 0.7272727272727273 0.0 0.9316129032258065 0.43211578221915925 0.7958250263867714 0.12477718360071301 0.4308681672025723 0.6 0.30000000000000004 0.0 0.0 
0.125 0.2857142857142857 0.6363636363636364 0.3333333333333333 0.9470967741935483 0.3793935217091661 0.7578280755248036 0.1711229946524064 0.5884244372990355 0.23529411764705882 0.4 0.0 0.0015034285504748634 
0.25 0.2857142857142857 0.8181818181818182 1.0 0.953548387096774 0.15644383184011026 0.8020405769907353 0.1568627450980392 0.5916398713826367 0.10588235294117647 0.5555555555555556 0.0 0.0 
0.25 0.2857142857142857 0.7272727272727273 0.16666666666666666 0.9329032258064516 0.44245348035837356 0.8029787733083148 0.12477718360071301 0.3762057877813505 0.5176470588235295 0.6555555555555554 0.0 0.010303985919108211 
0.375 0.42857142857142855 0.7272727272727273 0.6666666666666666 0.9754838709677419 0.2894555478980014 0.8026269496892224 0.28342245989304815 0.4983922829581994 0.25882352941176473 0.35555555555555557 0.0 0.0 
0.0 0.14285714285714285 0.7272727272727273 1.0 0.950967741935484 0.4238456237077877 0.7890231030843204 0.15151515151515152 0.6977491961414791 0.2 0.7 0.0 0.004886142789043307 
0.625 0.42857142857142855 0.36363636363636365 0.8333333333333334 0.856774193548387 0.0926946933149552 0.12419373753958014 0.062388591800356503 0.2926045016077171 0.9294117647058824 0.5 0.0 0.0 
0.375 0.2857142857142857 0.7272727272727273 0.5 0.950967741935484 0.32770503101309445 0.8578632578867127 0.1532976827094474 0.5466237942122187 0.10588235294117647 0.5 0.0 0.0034652194638993806 
0.875 0.5714285714285714 0.6363636363636364 1.0 0.9496774193548386 0.290144727773949 0.5630350650873696 0.2620320855614973 0.6430868167202572 0.16470588235294117 0.5555555555555556 0.0 0.0 
0.625 0.42857142857142855 0.7272727272727273 0.8333333333333334 0.9354838709677419 0.321157822191592 0.8637269848715843 0.14973262032085563 0.4244372990353698 0.49411764705882355 0.5 0.0 0.03607311796413773 
0.625 0.42857142857142855 0.7272727272727273 0.6666666666666666 0.9238709677419354 0.9955203308063404 0.993784449396036 0.1319073083778966 0.26045016077170424 0.7411764705882353 0.4 0.0 0.01677606248395732 
0.375 0.5714285714285714 0.18181818181818182 0.0 0.8838709677419355 0.07856650585802893 0.0666119385481412 0.0730837789661319 0.3794212218649518 0.2823529411764706 0.30000000000000004 0.0 0.0 
0.0 0.0 0.7272727272727273 0.5 0.9574193548387098 0.46829772570640943 0.8191626597865603 0.1639928698752228 0.6495176848874599 0.2235294117647059 0.20000000000000004 0.0 0.0 
0.125 0.0 0.6363636363636364 0.5 0.9406451612903225 0.852170916609235 0.8747507916031428 0.1122994652406417 0.5852090032154341 0.4823529411764706 0.20000000000000004 0.0 0.0 
0.125 0.14285714285714285 0.7272727272727273 0.0 0.9406451612903225 0.36974500344589945 0.8867127946522809 0.11051693404634581 0.5080385852090032 0.4235294117647059 0.5555555555555556 0.0 0.0 
0.75 0.2857142857142857 0.5454545454545454 0.8333333333333334 0.9406451612903225 0.35527222605099934 0.547672100387006 0.16042780748663102 0.6398713826366561 0.4 0.2555555555555556 0.0 0.0 
0.625 0.42857142857142855 0.7272727272727273 0.8333333333333334 0.9483870967741935 0.34872501722949695 0.872053477190102 0.14973262032085563 0.6109324758842444 0.2 0.20000000000000004 0.0 0.0 
1.0 0.2857142857142857 0.7272727272727273 0.16666666666666666 0.847741935483871 0.24913852515506552 0.7787029435909464 0.05704099821746881 0.7106109324758844 0.24705882352941178 0.30000000000000004 0.0 0.09686113453852077 
0.875 0.5714285714285714 0.6363636363636364 0.8333333333333334 0.9483870967741935 0.2780840799448656 0.5545912982291544 0.21212121212121213 0.5755627009646304 0.2235294117647059 0.4555555555555555 0.0 0.0534450515199296 
0.75 0.2857142857142857 0.6363636363636364 0.0 0.9393548387096774 0.8170227429359063 0.8475430983933389 0.13368983957219252 0.4983922829581994 0.5882352941176471 0.4 0.0 0.0 
0.875 0.5714285714285714 0.6363636363636364 0.5 0.9819354838709676 0.7625775327360442 0.8100152456901607 0.24777183600713013 0.6977491961414791 0.27058823529411763 0.7 0.0 0.0 
0.125 0.42857142857142855 0.45454545454545453 0.5 0.967741935483871 0.4155754651964163 0.40143074938430867 0.32085561497326204 0.6591639871382637 0.29411764705882354 1.0 0.0 0.0029243518756187892 
