0.125 0.2857142857142857 0.7272727272727273 0.0 0.5780645161290322 0.2401791867677464 0.7709628239709159 0.014260249554367202 0.6559485530546625 0.27058823529411763 0.35555555555555557 0.0 0.010377323897180156 
0.75 0.2857142857142857 0.6363636363636364 0.8333333333333334 0.9651612903225806 0.4765678842177809 0.687580626246042 0.36185383244206776 0.09324758842443728 0.9529411764705882 0.6 0.0 0.023834842873381983 
0.625 0.42857142857142855 0.18181818181818182 0.0 0.8838709677419355 0.048242591316333565 0.03400961651225519 0.1265597147950089 0.2572347266881029 0.35294117647058826 0.6 0.0 0.0029151846283597964 
0.75 0.2857142857142857 0.7272727272727273 0.6666666666666666 0.9470967741935483 0.3373535492763612 0.8647824557288611 0.1711229946524064 0.5659163987138265 0.3764705882352941 0.2555555555555556 0.0 0.0015767665285468082 
0.75 0.2857142857142857 0.6363636363636364 0.6666666666666666 0.9819354838709676 0.7784286698828394 0.8195144834056527 0.21390374331550802 0.6784565916398715 0.2235294117647059 0.30000000000000004 0.0 0.0 
0.75 0.2857142857142857 0.5454545454545454 0.0 0.9096774193548387 0.35423845623707795 0.4968922246980181 0.11408199643493762 0.6559485530546625 0.49411764705882355 0.5 0.0 0.25533533790473395 
0.875 0.42857142857142855 0.7272727272727273 1.0 0.9161290322580645 0.30634045485871814 0.8168171689926117 0.0855614973262032 0.5016077170418007 0.611764705882353 0.20000000000000004 0.0 0.001842616699057607 
0.625 0.14285714285714285 0.09090909090909091 1.0 0.8541935483870968 0.09097174362508614 0.40530080919432393 0.0606060606060606 0.06430868167202573 0.4235294117647059 0.4 0.0 0.0 
0.125 0.0 0.6363636363636364 0.0 0.9341935483870967 0.35182632667126124 0.7398850709510965 0.1033868092691622 0.672025723472669 0.18823529411764706 0.30000000000000004 0.0 0.0 
0.75 0.2857142857142857 0.6363636363636364 0.8333333333333334 0.9406451612903225 0.9396967608545831 0.9513310660255658 0.13725490196078433 0.4276527331189711 0.6705882352941176 0.8444444444444444 0.0 0.0017784459682446555 
0.5 0.2857142857142857 0.7272727272727273 0.5 0.9561290322580644 0.4062715368711234 0.9095813298932801 0.13368983957219252 0.6237942122186496 0.15294117647058825 0.6555555555555554 0.0 0.0040427560412159445 
0.125 0.2857142857142857 0.6363636363636364 0.0 0.9470967741935483 0.7095106822880772 0.7795238653688285 0.1461675579322638 0.8263665594855306 0.21176470588235294 0.20000000000000004 0.0 0.0021543031058633717 
0.375 0.14285714285714285 0.5454545454545454 1.0 0.967741935483871 0.3452791178497588 0.48727571244282863 0.2620320855614973 0.7684887459807075 0.35294117647058826 0.4 0.0 0.0067470939826189 
0.875 0.5714285714285714 0.7272727272727273 0.0 0.9393548387096774 0.4445210199862164 0.937258121261874 0.13368983957219252 0.4405144694533762 0.4235294117647059 0.4555555555555555 0.0 0.0019984599024604893 
0.0 0.14285714285714285 0.6363636363636364 0.6666666666666666 0.9961290322580646 0.5406616126809097 0.7337867948868301 0.20142602495543674 0.8135048231511255 0.16470588235294117 0.4555555555555555 0.0 0.039712515125957984 
0.625 0.42857142857142855 0.6363636363636364 0.16666666666666666 0.9987096774193547 0.6202618883528601 0.7778820218130644 0.2549019607843137 1.0 0.12941176470588237 0.2555555555555556 0.0 0.03716402038795791 
0.0 0.0 0.7272727272727273 0.16666666666666666 0.9329032258064516 0.44245348035837356 0.8029787733083148 0.12477718360071301 0.5337620578778136 0.29411764705882354 0.20000000000000004 0.0 0.19515235964944447 
0.625 0.42857142857142855 0.09090909090909091 0.16666666666666666 0.7277419354838709 0.01137146795313577 0.009733786794886828 0.0338680926916221 0.07717041800643086 0.788235294117647 0.6555555555555554 0.0 0.004941146272597265 
0.5 0.5714285714285714 0.6363636363636364 1.0 0.9406451612903225 0.6209510682288079 0.7096282397091591 0.1354723707664884 0.7106109324758844 0.21176470588235294 0.35555555555555557 0.0 0.0033277107550144843 
0.5 0.2857142857142857 0.09090909090909091 1.0 0.8787096774193548 0.049965541006202624 0.0473789140377624 0.06951871657754011 0.3279742765273312 0.4470588235294118 0.20000000000000004 0.0 0.0058487037512375785 
0.75 0.42857142857142855 0.8181818181818182 0.0 0.9419354838709677 0.1633356305995865 0.8070833821977249 0.1978609625668449 0.44694533762057886 0.3411764705882353 0.4 0.0 0.04525869971764879 
0.625 0.42857142857142855 0.18181818181818182 0.5 0.8541935483870968 0.0589248793935217 0.05523630819749032 0.053475935828877004 0.09967845659163986 0.6470588235294118 0.4555555555555555 0.0 0.001961790913424517 
0.625 0.42857142857142855 0.45454545454545453 0.0 0.9251612903225807 0.3177119228118539 0.34033071420194677 0.13368983957219252 0.5434083601286175 0.2823529411764706 0.5555555555555556 0.0 0.0032268710351655606 
0.375 0.42857142857142855 0.7272727272727273 0.5 0.9574193548387098 0.46829772570640943 0.8191626597865603 0.1639928698752228 0.6205787781350482 0.0 0.05555555555555555 0.0 0.010138975468446337 
0.375 0.42857142857142855 0.18181818181818182 0.5 0.9380645161290323 0.1019986216402481 0.07787029435909462 0.13368983957219252 0.5144694533762059 0.16470588235294117 0.30000000000000004 0.0 0.0 
0.5 0.2857142857142857 0.7272727272727273 0.0 0.9432258064516128 0.26671261199172985 0.8401548023924006 0.1639928698752228 0.5434083601286175 0.27058823529411763 0.2555555555555556 0.0 0.0 
0.75 0.42857142857142855 0.7272727272727273 0.8333333333333334 0.952258064516129 0.2994486560992419 0.8100152456901607 0.1265597147950089 0.662379421221865 0.29411764705882354 0.4 0.0 0.0 
0.5 0.2857142857142857 0.6363636363636364 0.16666666666666666 0.9858064516129031 0.48311509303928335 0.701184472850944 0.3155080213903743 0.7041800643086817 0.32941176470588235 0.6555555555555554 0.0 0.001833449451798614 
0.125 0.0 0.6363636363636364 0.16666666666666666 0.9470967741935483 0.5220537560303239 0.7626363316523983 0.2549019607843137 0.6302250803858522 0.4823529411764706 0.30000000000000004 0.0 4.766968574676397E-4 
0.5 0.2857142857142857 0.7272727272727273 0.6666666666666666 0.9470967741935483 0.3373535492763612 0.8647824557288611 0.1711229946524064 0.2540192926045016 0.7058823529411765 0.35555555555555557 0.0 0.003401048733086429 
0.125 0.2857142857142857 0.7272727272727273 1.0 0.4090322580645161 0.15541006202618884 0.8193972088659552 0.007130124777183601 0.3215434083601286 0.7411764705882353 0.6555555555555554 0.0 0.0 
0.125 0.0 0.6363636363636364 0.8333333333333334 0.967741935483871 0.7925568573397657 0.8293655447402369 0.14973262032085563 0.6334405144694534 0.3176470588235294 0.20000000000000004 0.0 0.16008763888379599 
0.125 0.42857142857142855 0.7272727272727273 0.3333333333333333 0.921290322580645 0.2818745692625776 0.8535240999179079 0.11051693404634581 0.5176848874598071 0.35294117647058826 0.20000000000000004 0.0 0.0044736166623886185 
0.75 0.2857142857142857 0.7272727272727273 1.0 0.9329032258064516 0.9483115093039283 0.9583675384074117 0.1265597147950089 0.37299035369774924 0.7294117647058823 0.7999999999999999 0.0 0.010138975468446337 
0.375 0.5714285714285714 0.09090909090909091 0.8333333333333334 0.6387096774193548 0.07029634734665748 0.09299870998006332 0.014260249554367202 0.4244372990353698 0.29411764705882354 0.2555555555555556 0.0 0.0 
0.25 0.2857142857142857 0.7272727272727273 0.6666666666666666 0.9625806451612903 0.4827705031013094 0.8279582502638677 0.24777183600713013 0.527331189710611 0.4 0.35555555555555557 0.0 0.032892083165267136 
0.125 0.42857142857142855 0.6363636363636364 1.0 0.983225806451613 0.4452101998621641 0.6792541339275243 0.25133689839572193 0.9935691318327976 0.11764705882352941 0.4 0.0 0.024229034505518686 
0.375 0.2857142857142857 0.6363636363636364 0.6666666666666666 0.9754838709677419 0.5737422467263956 0.7933622610531254 0.23172905525846701 0.6302250803858522 0.4470588235294118 0.30000000000000004 0.0 0.005995379707381468 
0.5 0.5714285714285714 0.7272727272727273 0.0 0.9316129032258065 0.43211578221915925 0.7958250263867714 0.12477718360071301 0.4019292604501608 0.6470588235294118 0.35555555555555557 0.0 0.0 
0.25 0.2857142857142857 0.7272727272727273 1.0 0.9264516129032258 0.32942798070296353 0.8708807317931276 0.20320855614973263 0.5916398713826367 0.47058823529411764 0.5555555555555556 0.0 0.02254226100986396 
0.875 0.5714285714285714 0.6363636363636364 1.0 0.8116129032258064 0.19159200551343902 0.7713146475900082 0.0338680926916221 0.8231511254019294 0.23529411764705882 0.2555555555555556 0.0 0.0 
0.0 0.42857142857142855 0.7272727272727273 0.16666666666666666 0.9329032258064516 0.44245348035837356 0.8029787733083148 0.12477718360071301 0.6237942122186496 0.21176470588235294 0.20000000000000004 0.0 0.01056983608961901 
0.5 0.2857142857142857 0.6363636363636364 1.0 0.9432258064516128 0.5995864920744315 0.8124780110238068 0.24598930481283424 0.7556270096463023 0.2823529411764706 0.5555555555555556 0.0 8.250522533093764E-5 
0.375 0.14285714285714285 0.7272727272727273 0.16666666666666666 0.9238709677419354 0.27429359062715375 0.8470740002345492 0.1122994652406417 0.5016077170418007 0.5647058823529412 0.5 0.0 0.0 
0.125 0.2857142857142857 0.18181818181818182 0.16666666666666666 0.9638709677419355 0.047898001378359756 0.02075759352644541 0.20320855614973263 0.41800643086816724 0.047058823529411764 0.7999999999999999 0.0 0.0 
0.0 0.2857142857142857 0.7272727272727273 0.5 0.9561290322580644 0.4062715368711234 0.9095813298932801 0.13368983957219252 0.46945337620578786 0.15294117647058825 0.4 0.0 0.006609585273734004 
0.125 0.42857142857142855 0.6363636363636364 1.0 0.9225806451612903 0.339421088904204 0.7309722059340917 0.1122994652406417 0.5466237942122187 0.3411764705882353 0.2555555555555556 0.0 0.0042994389644677505 
0.375 0.2857142857142857 0.7272727272727273 1.0 0.9161290322580645 0.30634045485871814 0.8168171689926117 0.0855614973262032 0.5016077170418007 0.5764705882352941 0.1 0.0 0.0 
0.5 0.2857142857142857 0.2727272727272727 1.0 0.9329032258064516 0.046519641626464506 0.02075759352644541 0.21925133689839574 0.4951768488745982 0.1411764705882353 0.6 0.0 0.0 
0.625 0.42857142857142855 0.18181818181818182 0.8333333333333334 0.9419354838709677 0.11957270847691247 0.08549313943942768 0.13903743315508021 0.4887459807073955 0.11764705882352941 0.5 0.0 0.0 
0.875 0.14285714285714285 0.7272727272727273 0.5 0.967741935483871 0.2749827705031014 0.7943004573707049 0.3190730837789661 0.6752411575562701 0.12941176470588237 0.5 0.0 0.02146052583330278 
0.75 0.2857142857142857 0.09090909090909091 0.6666666666666666 0.8503225806451612 0.007236388697450035 0.04186701067198311 0.0588235294117647 0.19292604501607716 0.4470588235294118 1.0 0.0 0.004235268233654798 
0.875 0.5714285714285714 0.6363636363636364 0.0 0.9470967741935483 0.7095106822880772 0.7795238653688285 0.1461675579322638 0.7909967845659165 0.23529411764705882 0.1 0.0 4.950313519856258E-4 
0.875 0.5714285714285714 0.6363636363636364 0.8333333333333334 0.967741935483871 0.7925568573397657 0.8293655447402369 0.14973262032085563 0.5369774919614148 0.5764705882352941 0.5 0.0 0.0 
0.25 0.2857142857142857 0.5454545454545454 0.3333333333333333 0.9445161290322581 0.4565816678152998 0.6011492904890349 0.14260249554367202 0.38585209003215437 0.5058823529411764 0.4 0.0 0.0 
0.375 0.42857142857142855 0.7272727272727273 0.8333333333333334 0.952258064516129 0.2994486560992419 0.8100152456901607 0.1265597147950089 0.5819935691318329 0.35294117647058826 0.30000000000000004 0.0 0.0 
0.875 0.5714285714285714 0.6363636363636364 0.0 0.9496774193548386 0.30254996554100627 0.5719479301043744 0.15151515151515152 0.7041800643086817 0.1411764705882353 0.30000000000000004 0.0 0.0 
0.625 0.42857142857142855 0.6363636363636364 0.16666666666666666 0.9754838709677419 0.4500344589937974 0.7027090418670107 0.4046345811051693 0.5530546623794212 0.47058823529411764 0.4 0.0 1.558432034028822E-4 
0.625 0.2857142857142857 0.6363636363636364 0.6666666666666666 0.9819354838709676 0.7784286698828394 0.8195144834056527 0.21390374331550802 0.6784565916398715 0.2235294117647059 0.30000000000000004 0.0 0.02634666862234608 
0.375 0.42857142857142855 0.7272727272727273 1.0 0.9329032258064516 0.9483115093039283 0.9583675384074117 0.1265597147950089 0.37299035369774924 0.7294117647058823 0.7999999999999999 0.0 0.0 
0.875 0.5714285714285714 0.6363636363636364 0.16666666666666666 0.9470967741935483 0.5220537560303239 0.7626363316523983 0.2549019607843137 0.5755627009646304 0.5058823529411764 0.4555555555555555 0.0 0.008498038209086576 
0.375 0.2857142857142857 0.18181818181818182 0.8333333333333334 0.9419354838709677 0.11957270847691247 0.08549313943942768 0.13903743315508021 0.47588424437299043 0.1411764705882353 0.5 0.0 0.02627333064427414 
0.0 0.14285714285714285 0.7272727272727273 1.0 0.9329032258064516 0.9483115093039283 0.9583675384074117 0.1265597147950089 0.6334405144694534 0.32941176470588235 0.4 0.0 0.06486744160463497 
0.375 0.2857142857142857 0.7272727272727273 0.6666666666666666 0.9470967741935483 0.3373535492763612 0.8647824557288611 0.1711229946524064 0.5980707395498394 0.23529411764705882 0.5 0.0 0.01197242492024495 
0.375 0.2857142857142857 0.6363636363636364 0.3333333333333333 0.9858064516129031 0.48311509303928335 0.701184472850944 0.3155080213903743 0.8520900321543409 0.21176470588235294 0.4 0.0 0.0 
0.0 0.0 0.6363636363636364 0.16666666666666666 0.9819354838709676 0.3694004135079256 0.7496188577459834 0.30303030303030304 0.527331189710611 0.4235294117647059 0.4555555555555555 0.0 0.0 
1.0 1.0 0.09090909090909091 0.6666666666666666 0.8761290322580644 0.04169538249483115 0.04116336343379852 0.0944741532976827 0.4340836012861737 0.32941176470588235 0.30000000000000004 0.0 0.0 
0.375 0.42857142857142855 0.7272727272727273 0.16666666666666666 0.9341935483870967 0.4521019986216403 0.9431218482467456 0.22281639928698752 0.4405144694533762 0.27058823529411763 0.5555555555555556 0.0 0.0016042682703237873 
0.125 0.2857142857142857 0.7272727272727273 0.3333333333333333 0.8929032258064517 0.28842177808408 0.8410929987099801 0.0659536541889483 0.6302250803858522 0.2235294117647059 0.20000000000000004 0.0 0.005537017344431815 
0.0 0.2857142857142857 0.6363636363636364 0.8333333333333334 0.9225806451612903 0.33011716057891116 0.7227629881552715 0.15864527629233513 0.5819935691318329 0.2823529411764706 0.5 0.0 0.004152763008323861 
0.375 0.14285714285714285 0.6363636363636364 1.0 0.9225806451612903 0.339421088904204 0.7309722059340917 0.1122994652406417 0.6205787781350482 0.2235294117647059 0.20000000000000004 0.0 0.0 
0.125 0.0 0.6363636363636364 0.5 0.9587096774193548 0.2556857339765679 0.5379383135921192 0.13725490196078433 0.5337620578778136 0.23529411764705882 0.5 0.0 0.0 
0.0 0.14285714285714285 0.7272727272727273 0.0 0.9019354838709677 0.31254307374224677 0.8232672686759704 0.1265597147950089 0.3279742765273312 0.6823529411764706 0.6555555555555554 0.0 0.02779509368926699 
0.125 0.2857142857142857 0.7272727272727273 1.0 0.950967741935484 0.36078566505858034 0.8797935968101325 0.17647058823529413 0.729903536977492 0.1411764705882353 0.20000000000000004 0.0 0.0 
0.125 0.42857142857142855 0.7272727272727273 0.6666666666666666 0.9238709677419354 0.9955203308063404 0.993784449396036 0.1319073083778966 0.4501607717041801 0.5058823529411764 0.35555555555555557 0.0 0.009130578269957099 
0.375 0.42857142857142855 0.7272727272727273 0.3333333333333333 0.9574193548387098 0.45554789800137846 0.811187991087135 0.1639928698752228 0.7106109324758844 0.11764705882352941 0.4 0.0 0.008626379670712479 
0.75 0.2857142857142857 0.7272727272727273 0.5 0.9161290322580645 0.9858718125430737 0.9867479770141901 0.1212121212121212 0.5530546623794212 0.35294117647058826 0.35555555555555557 0.0 0.0 
0.25 0.5714285714285714 0.7272727272727273 1.0 0.950967741935484 0.4238456237077877 0.7890231030843204 0.15151515151515152 0.48231511254019294 0.5058823529411764 0.1 0.0 0.0 
0.125 0.2857142857142857 0.7272727272727273 0.0 0.9406451612903225 0.36974500344589945 0.8867127946522809 0.11051693404634581 0.5852090032154341 0.3058823529411765 0.15555555555555556 0.0 0.0013475853470719813 
0.25 0.2857142857142857 0.18181818181818182 0.8333333333333334 0.6490322580645161 0.0044796691936595445 0.008912865017004808 0.0124777183600713 0.4887459807073955 0.10588235294117647 0.5555555555555556 0.0 0.0 
0.875 0.5714285714285714 0.6363636363636364 1.0 0.9380645161290323 0.4869055823569952 0.696024393104257 0.1889483065953654 0.5594855305466239 0.3058823529411765 0.6 0.0 0.18011807414469583 
1.0 0.42857142857142855 0.45454545454545453 0.3333333333333333 0.9625806451612903 0.1667815299793246 0.339861616043157 0.24955436720142601 0.8295819935691319 0.2235294117647059 0.4555555555555555 0.0 0.0 
1.0 0.42857142857142855 0.45454545454545453 0.3333333333333333 0.9625806451612903 0.1667815299793246 0.339861616043157 0.24955436720142601 0.8295819935691319 0.2235294117647059 0.4555555555555555 0.0 0.007480473763338345 
0.625 0.42857142857142855 0.7272727272727273 0.3333333333333333 0.953548387096774 0.39386629910406623 0.9020757593526445 0.1568627450980392 0.7106109324758844 0.1411764705882353 0.5 0.0 0.0 
0.625 0.42857142857142855 0.7272727272727273 0.0 0.9316129032258065 0.43211578221915925 0.7958250263867714 0.12477718360071301 0.6141479099678457 0.3176470588235294 0.20000000000000004 0.0 0.0 
0.875 0.5714285714285714 0.6363636363636364 0.5 0.9406451612903225 0.852170916609235 0.8747507916031428 0.1122994652406417 0.5852090032154341 0.4823529411764706 0.20000000000000004 0.0 0.0 
0.625 0.42857142857142855 0.2727272727272727 0.5 0.8103225806451613 0.027567195037904894 0.05547085727688519 0.04812834224598931 0.1157556270096463 0.4588235294117647 0.6 0.0 0.010019801254079426 
0.125 0.0 0.7272727272727273 0.6666666666666666 0.950967741935484 0.4024810475534115 0.7741292365427466 0.2174688057040998 0.5594855305466239 0.21176470588235294 0.6555555555555554 0.0 0.0 
0.625 0.42857142857142855 0.7272727272727273 0.6666666666666666 0.9625806451612903 0.4827705031013094 0.8279582502638677 0.24777183600713013 0.6655948553054662 0.3411764705882353 0.5555555555555556 0.0 0.0 
0.75 0.2857142857142857 0.18181818181818182 1.0 0.9290322580645162 0.147829083390765 0.09909698604432977 0.09803921568627451 0.2990353697749197 0.5294117647058824 0.4 0.0 0.0075538117414102905 
0.5 0.2857142857142857 0.5454545454545454 0.3333333333333333 0.967741935483871 0.3452791178497588 0.5287908994957194 0.21212121212121213 0.54983922829582 0.2823529411764706 0.7555555555555555 0.0 0.0070862821312016435 
0.25 0.2857142857142857 0.6363636363636364 0.8333333333333334 0.9432258064516128 0.5851137146795314 0.8026269496892224 0.2442067736185383 0.5916398713826367 0.5176470588235295 0.05555555555555555 0.0 0.0 
0.375 0.2857142857142857 0.18181818181818182 0.6666666666666666 0.8670967741935485 0.06340454858718125 0.05793362261053125 0.0499108734402852 0.36977491961414793 0.32941176470588235 0.6 0.0 0.0 
0.625 0.42857142857142855 0.45454545454545453 0.0 0.9251612903225807 0.3177119228118539 0.34033071420194677 0.13368983957219252 0.594855305466238 0.11764705882352941 0.5 0.0 0.0 
0.375 0.42857142857142855 0.6363636363636364 0.5 0.9122580645161291 0.9135079255685733 0.9328016887533715 0.0998217468805704 0.4887459807073955 0.4588235294117647 0.30000000000000004 0.0 0.0 
0.75 0.2857142857142857 0.7272727272727273 0.6666666666666666 0.9754838709677419 0.2894555478980014 0.8026269496892224 0.28342245989304815 0.5755627009646304 0.3764705882352941 0.5 0.0 0.023954017087748893 
0.25 0.2857142857142857 0.18181818181818182 0.6666666666666666 0.9419354838709677 0.11095796002756718 0.08162307962941244 0.16042780748663102 0.5337620578778136 0.03529411764705882 0.4555555555555555 0.0 0.0 
0.0 0.2857142857142857 0.5454545454545454 0.16666666666666666 0.9496774193548386 0.32770503101309445 0.5187052890817403 0.2156862745098039 0.6816720257234727 0.18823529411764706 0.5555555555555556 0.0 0.0 
0.625 0.14285714285714285 0.09090909090909091 0.6666666666666666 0.8438709677419354 0.02136457615437629 0.05265626832414683 0.04812834224598931 0.4019292604501608 0.3176470588235294 0.2555555555555556 0.0 0.0 
0.0 0.14285714285714285 0.7272727272727273 0.6666666666666666 0.9341935483870967 0.3108201240523777 0.8563386888706462 0.12834224598930483 0.5434083601286175 0.36470588235294116 0.20000000000000004 0.0 3.025191595467713E-4 
0.0 0.0 0.6363636363636364 0.3333333333333333 0.9470967741935483 0.3793935217091661 0.7578280755248036 0.1711229946524064 0.4630225080385853 0.3764705882352941 0.05555555555555555 0.0 0.0 
0.75 0.42857142857142855 0.7272727272727273 0.16666666666666666 0.9329032258064516 0.44245348035837356 0.8029787733083148 0.12477718360071301 0.594855305466238 0.25882352941176473 0.20000000000000004 0.0 0.01576766528546808 
0.875 0.5714285714285714 0.6363636363636364 0.6666666666666666 0.921290322580645 0.3683666436940042 0.6120558226808959 0.22281639928698752 0.6109324758842444 0.4235294117647059 0.9444444444444444 0.0 5.592020827985773E-4 
