0.75 0.2857142857142857 0.8181818181818182 0.16666666666666666 0.9277419354838708 0.11819434872501722 0.7754192564794183 0.11942959001782531 0.5080385852090032 0.21176470588235294 0.05555555555555555 0.0 0.0 
0.75 0.2857142857142857 0.8181818181818182 0.8333333333333334 0.9277419354838708 0.14679531357684356 0.7962941245455611 0.11942959001782531 0.39871382636655944 0.21176470588235294 0.1 0.0 0.0 
0.875 0.5714285714285714 0.18181818181818182 0.6666666666666666 0.9419354838709677 0.11095796002756718 0.08162307962941244 0.16042780748663102 0.1961414790996785 0.9647058823529412 0.4 0.03125 0.0 
0.75 0.42857142857142855 0.7272727272727273 0.8333333333333334 0.952258064516129 0.2994486560992419 0.8100152456901607 0.1265597147950089 0.5016077170418007 0.4235294117647059 0.7555555555555555 0.0 0.0 
0.5 0.42857142857142855 0.18181818181818182 0.8333333333333334 0.9419354838709677 0.11957270847691247 0.08549313943942768 0.13903743315508021 0.4147909967845659 0.1411764705882353 0.5555555555555556 0.0 0.0 
0.625 0.2857142857142857 0.7272727272727273 0.16666666666666666 0.9329032258064516 0.44245348035837356 0.8029787733083148 0.12477718360071301 0.5176848874598071 0.29411764705882354 0.2555555555555556 0.0 0.0 
0.75 0.2857142857142857 0.45454545454545453 1.0 0.9754838709677419 0.32804962095106827 0.22528439075876625 1.0 0.6045016077170419 0.3411764705882353 0.4555555555555555 0.0 0.0 
0.625 0.14285714285714285 0.7272727272727273 1.0 0.9419354838709677 0.2567195037904893 0.8331183300105547 0.13903743315508021 0.4983922829581994 0.2823529411764706 0.35555555555555557 0.0 0.0 
0.75 0.14285714285714285 0.8181818181818182 0.8333333333333334 0.9277419354838708 0.14679531357684356 0.7962941245455611 0.11942959001782531 0.5016077170418007 0.1411764705882353 0.4 0.0 0.0 
0.375 0.2857142857142857 0.18181818181818182 0.16666666666666666 0.8954838709677418 0.08476912474155754 0.0700129001993667 0.0677361853832442 0.38263665594855306 0.32941176470588235 0.2555555555555556 0.0 0.0 
0.375 0.2857142857142857 0.5454545454545454 0.16666666666666666 0.784516129032258 0.20503101309441765 0.4207810484343849 0.026737967914438502 0.6784565916398715 0.25882352941176473 0.30000000000000004 0.0 0.0 
0.375 0.14285714285714285 0.6363636363636364 0.5 0.9419354838709677 0.39007580978635426 0.7662718423830186 0.1122994652406417 0.4951768488745982 0.35294117647058826 0.35555555555555557 0.0 0.0 
0.125 0.0 0.09090909090909091 0.6666666666666666 0.8761290322580644 0.04169538249483115 0.04116336343379852 0.0944741532976827 0.32475884244373 0.4235294117647059 0.05555555555555555 0.0 0.0 
0.125 0.0 0.18181818181818182 1.0 0.9109677419354838 0.1729841488628532 0.11058989093467807 0.1711229946524064 0.2990353697749197 0.2823529411764706 0.6 0.0 0.0 
0.125 0.0 0.7272727272727273 0.6666666666666666 0.950967741935484 0.4024810475534115 0.7741292365427466 0.2174688057040998 0.6688102893890676 0.25882352941176473 0.4555555555555555 0.0 0.0 
0.125 0.0 0.7272727272727273 0.6666666666666666 0.950967741935484 0.4024810475534115 0.7741292365427466 0.2174688057040998 0.5594855305466239 0.21176470588235294 0.5555555555555556 0.0 0.0 
0.5 0.2857142857142857 0.18181818181818182 0.6666666666666666 0.9419354838709677 0.11095796002756718 0.08162307962941244 0.16042780748663102 0.4308681672025723 0.11764705882352941 0.6555555555555554 0.0 0.0 
1.0 1.0 0.09090909090909091 0.5 0.8451612903225807 0.019641626464507234 0.021930338923419727 0.13725490196078433 0.14469453376205788 0.7529411764705882 0.30000000000000004 0.0 0.0 
0.0 0.0 0.6363636363636364 0.6666666666666666 0.921290322580645 0.3683666436940042 0.6120558226808959 0.22281639928698752 0.4019292604501608 0.6 0.2555555555555556 0.0 0.0 
0.625 0.42857142857142855 0.6363636363636364 0.8333333333333334 0.9225806451612903 0.33011716057891116 0.7227629881552715 0.15864527629233513 0.4019292604501608 0.5176470588235295 0.6 0.0 0.0 
0.875 0.5714285714285714 0.6363636363636364 1.0 0.9380645161290323 0.4869055823569952 0.696024393104257 0.1889483065953654 0.5144694533762059 0.32941176470588235 0.5 0.0 0.0 
0.25 0.2857142857142857 0.6363636363636364 1.0 0.9380645161290323 0.4869055823569952 0.696024393104257 0.1889483065953654 0.5659163987138265 0.2823529411764706 0.5555555555555556 0.0 0.0 
0.25 0.2857142857142857 0.6363636363636364 0.0 0.9393548387096774 0.4972432804962096 0.7039990618036824 0.1907308377896613 0.26045016077170424 0.6941176470588235 0.20000000000000004 0.0 0.0 
0.25 0.2857142857142857 0.7272727272727273 1.0 0.950967741935484 0.4238456237077877 0.7890231030843204 0.15151515151515152 0.6527331189710611 0.3176470588235294 0.5555555555555556 0.0 0.0 
0.25 0.2857142857142857 0.7272727272727273 0.6666666666666666 0.9754838709677419 0.2894555478980014 0.8026269496892224 0.28342245989304815 0.5659163987138265 0.4117647058823529 0.5555555555555556 0.0 0.0 
0.25 0.42857142857142855 0.18181818181818182 0.0 0.889032258064516 0.17608545830461753 0.11246628356983697 0.08912655971479501 0.21864951768488747 0.4 0.20000000000000004 0.0 0.0 
0.25 0.42857142857142855 0.7272727272727273 0.6666666666666666 0.9651612903225806 0.5106822880771882 0.8451976075993902 0.1443850267379679 0.48231511254019294 0.32941176470588235 0.30000000000000004 0.0 0.0 
0.0 0.2857142857142857 0.7272727272727273 0.16666666666666666 0.9329032258064516 0.44245348035837356 0.8029787733083148 0.12477718360071301 0.6270096463022509 0.27058823529411763 0.20000000000000004 0.0 3.9419163213670204E-4 
0.125 0.42857142857142855 0.6363636363636364 0.3333333333333333 0.9909677419354839 0.3404548587181255 0.5927055236308197 0.2352941176470588 0.6945337620578779 0.2 0.5555555555555556 0.0 7.058780389424664E-4 
0.875 0.5714285714285714 0.7272727272727273 0.5 0.967741935483871 0.2749827705031014 0.7943004573707049 0.3190730837789661 0.6913183279742766 0.11764705882352941 0.4555555555555555 0.0 0.001026731693007224 
0.625 0.42857142857142855 0.45454545454545453 0.6666666666666666 0.952258064516129 0.19055823569951758 0.4988858918728744 0.1265597147950089 0.6752411575562701 0.2823529411764706 0.5555555555555556 0.0 0.0010909024238201753 
1.0 1.0 0.5454545454545454 1.0 0.921290322580645 0.23259820813232254 0.40729447636918026 0.12834224598930483 0.7266881028938907 0.16470588235294117 0.20000000000000004 0.0 0.0012467456272230576 
0.0 0.42857142857142855 0.7272727272727273 0.8333333333333334 0.9638709677419355 0.4972432804962096 0.8367538407411751 0.1443850267379679 0.8810289389067525 0.1411764705882353 0.2555555555555556 0.0 0.0013384180998129882 
0.125 0.2857142857142857 0.7272727272727273 0.8333333333333334 0.9638709677419355 0.4972432804962096 0.8367538407411751 0.1443850267379679 0.8488745980707397 0.1411764705882353 0.20000000000000004 0.0 0.0014759268086978845 
0.75 0.2857142857142857 0.7272727272727273 0.6666666666666666 0.950967741935484 0.4024810475534115 0.7741292365427466 0.2174688057040998 0.5401929260450161 0.2235294117647059 0.6 0.0 0.0015492647867698288 
0.625 0.2857142857142857 0.6363636363636364 0.5 0.9870967741935484 0.4500344589937974 0.6695203471326374 0.18538324420677363 0.5819935691318329 0.3058823529411765 0.4 0.0 0.0017417769792086833 
0.875 0.5714285714285714 0.7272727272727273 0.8333333333333334 0.952258064516129 0.4135079255685734 0.7816348070833822 0.1532976827094474 0.5016077170418007 0.4823529411764706 0.15555555555555556 0.0 0.0017876132155036487 
0.625 0.42857142857142855 0.6363636363636364 0.3333333333333333 0.9470967741935483 0.3793935217091661 0.7578280755248036 0.1711229946524064 0.4630225080385853 0.3764705882352941 0.05555555555555555 0.0 0.002099299622309413 
0.625 0.42857142857142855 0.6363636363636364 0.3333333333333333 0.9974193548387097 0.4341833218470021 0.6597865603377506 0.29411764705882354 0.6816720257234727 0.21176470588235294 0.4555555555555555 0.0 0.0023009790620072603 
0.0 0.2857142857142857 0.6363636363636364 0.8333333333333334 0.9225806451612903 0.33011716057891116 0.7227629881552715 0.15864527629233513 0.38585209003215437 0.4470588235294118 0.15555555555555556 0.0 0.0032085365406475746 
0.875 0.5714285714285714 0.6363636363636364 0.16666666666666666 0.904516129032258 0.503790489317712 0.7113873578046206 0.16042780748663102 0.39228295819935693 0.6 0.5555555555555556 0.0 0.004794470316453376 
0.125 0.42857142857142855 0.7272727272727273 0.16666666666666666 0.9329032258064516 0.44245348035837356 0.8029787733083148 0.12477718360071301 0.4951768488745982 0.36470588235294116 0.30000000000000004 0.0 0.006453742070331121 
0.125 0.42857142857142855 0.6363636363636364 0.6666666666666666 0.9703225806451613 0.4638180565127498 0.6787850357687346 0.26916221033868093 0.684887459807074 0.24705882352941178 0.5555555555555556 0.0 0.009185581753511056 
0.625 0.42857142857142855 0.18181818181818182 1.0 0.921290322580645 0.12577532736044109 0.08889410109065321 0.12834224598930483 0.3279742765273312 0.4588235294117647 0.35555555555555557 0.0 0.011092369183381615 
0.5 0.5714285714285714 0.18181818181818182 0.8333333333333334 0.9277419354838708 0.16884906960716747 0.1084789492201243 0.13903743315508021 0.4147909967845659 0.5764705882352941 0.4 0.0 0.012824978915331306 
0.875 0.5714285714285714 0.6363636363636364 0.8333333333333334 0.9483870967741935 0.2780840799448656 0.5545912982291544 0.21212121212121213 0.4565916398713826 0.32941176470588235 0.4 0.0 0.0653624729566206 
0.375 0.2857142857142857 0.7272727272727273 0.3333333333333333 0.9574193548387098 0.45554789800137846 0.811187991087135 0.1639928698752228 0.7781350482315113 0.07058823529411765 0.4555555555555555 0.0 0.08112097099482968 
0.625 0.2857142857142857 0.7272727272727273 0.16666666666666666 0.9329032258064516 0.44245348035837356 0.8029787733083148 0.12477718360071301 0.5305466237942122 0.32941176470588235 0.2555555555555556 0.0 0.09478016941072935 
0.375 0.2857142857142857 0.2727272727272727 0.6666666666666666 0.8296774193548386 0.07649896623018608 0.09077049372581211 0.0409982174688057 0.4662379421221865 0.058823529411764705 0.30000000000000004 0.0 0.0 
0.125 0.2857142857142857 0.6363636363636364 1.0 0.9432258064516128 0.5995864920744315 0.8124780110238068 0.24598930481283424 0.6495176848874599 0.4588235294117647 0.7999999999999999 0.0 0.002630999963331011 
0.625 0.42857142857142855 0.6363636363636364 0.3333333333333333 0.9599999999999999 0.5382494831150931 0.77260466752668 0.24064171122994651 0.6398713826366561 0.25882352941176473 0.35555555555555557 0.0 1.9251219243885447E-4 
0.375 0.2857142857142857 0.6363636363636364 0.16666666666666666 0.967741935483871 0.34838042729152313 0.6360971033188694 0.26024955436720143 0.6398713826366561 0.4588235294117647 0.7999999999999999 0.0 7.242125334604526E-4 
0.375 0.2857142857142857 0.6363636363636364 0.16666666666666666 0.9470967741935483 0.5220537560303239 0.7626363316523983 0.2549019607843137 0.5434083601286175 0.4470588235294118 0.2555555555555556 0.0 0.004033588793956951 
0.125 0.42857142857142855 0.6363636363636364 0.16666666666666666 0.9470967741935483 0.5220537560303239 0.7626363316523983 0.2549019607843137 0.5787781350482315 0.3764705882352941 0.4 0.0 0.0028326794030288584 
0.375 0.2857142857142857 1.0 0.0 0.8606451612903226 0.0837353549276361 0.4008443766858215 0.04634581105169341 0.07717041800643086 0.07058823529411765 0.8999999999999999 0.0 0.020195445711561736 
0.375 0.5714285714285714 1.0 0.6666666666666666 0.8516129032258064 0.08821502412129566 0.40424533833704707 0.0730837789661319 0.0 0.5176470588235295 0.5 0.0 0.008498038209086576 
0.625 0.42857142857142855 1.0 0.16666666666666666 0.8606451612903226 0.0837353549276361 0.4008443766858215 0.04634581105169341 0.09324758842443728 0.10588235294117647 0.8999999999999999 0.0 0.022707271460525834 
0.625 0.2857142857142857 0.45454545454545453 1.0 0.9251612903225807 0.3046175051688491 0.33176967280403424 0.11408199643493762 0.3890675241157557 0.36470588235294116 0.15555555555555556 0.0 8.250522533093764E-4 
0.625 0.42857142857142855 0.45454545454545453 0.8333333333333334 0.447741935483871 0.24086836664369404 0.26492318517649815 0.007130124777183601 0.270096463022508 0.8823529411764706 0.2555555555555556 0.0 0.0 
0.75 0.2857142857142857 0.7272727272727273 1.0 0.9148387096774192 0.28600964851826327 0.8284273484226574 0.10160427807486631 0.47909967845659174 0.4470588235294118 0.5555555555555556 0.0 3.7585713761871585E-4 
0.25 0.2857142857142857 0.7272727272727273 1.0 0.9148387096774192 0.28600964851826327 0.8284273484226574 0.10160427807486631 0.6945337620578779 0.23529411764705882 0.35555555555555557 0.0 0.00474863408015841 
0.75 0.2857142857142857 0.7272727272727273 1.0 0.950967741935484 0.36078566505858034 0.8797935968101325 0.17647058823529413 0.7427652733118972 0.1411764705882353 0.2555555555555556 0.0 0.0 
0.625 0.14285714285714285 0.7272727272727273 1.0 0.950967741935484 0.36078566505858034 0.8797935968101325 0.17647058823529413 0.7266881028938907 0.15294117647058825 0.15555555555555556 0.0 0.013099996333101096 
0.375 0.42857142857142855 0.7272727272727273 0.5 0.950967741935484 0.32770503101309445 0.8578632578867127 0.1532976827094474 0.527331189710611 0.10588235294117647 0.6 0.0 0.0 
0.5 0.2857142857142857 0.7272727272727273 0.8333333333333334 0.9483870967741935 0.34872501722949695 0.872053477190102 0.14973262032085563 0.7041800643086817 0.1411764705882353 0.30000000000000004 0.0 0.0 
0.375 0.14285714285714285 0.7272727272727273 0.8333333333333334 0.9483870967741935 0.34872501722949695 0.872053477190102 0.14973262032085563 0.684887459807074 0.1411764705882353 0.4 0.0 0.0030526933372446927 
0.875 0.5714285714285714 0.7272727272727273 0.0 0.9406451612903225 0.36974500344589945 0.8867127946522809 0.11051693404634581 0.6591639871382637 0.23529411764705882 0.20000000000000004 0.0 0.006857100949726817 
0.625 0.14285714285714285 0.7272727272727273 0.0 0.9393548387096774 0.4445210199862164 0.937258121261874 0.13368983957219252 0.5916398713826367 0.25882352941176473 0.15555555555555556 0.0 0.0 
0.25 0.2857142857142857 0.7272727272727273 0.6666666666666666 0.9470967741935483 0.3373535492763612 0.8647824557288611 0.1711229946524064 0.4887459807073955 0.49411764705882355 0.4555555555555555 0.0 0.0 
0.75 0.2857142857142857 0.7272727272727273 0.6666666666666666 0.9470967741935483 0.3373535492763612 0.8647824557288611 0.1711229946524064 0.5305466237942122 0.4117647058823529 0.20000000000000004 0.0 0.005472846613618862 
0.625 0.14285714285714285 0.7272727272727273 0.6666666666666666 0.952258064516129 0.41660923501033775 0.9168523513545209 0.1818181818181818 0.5627009646302251 0.2823529411764706 0.2555555555555556 0.0 0.0 
0.0 0.2857142857142857 0.7272727272727273 0.6666666666666666 0.952258064516129 0.41660923501033775 0.9168523513545209 0.1818181818181818 0.6077170418006432 0.2823529411764706 0.20000000000000004 0.0 0.007443804774302372 
0.75 0.2857142857142857 0.7272727272727273 0.6666666666666666 0.896774193548387 0.18642315644383184 0.849536765568195 0.2067736185383244 0.41800643086816724 0.5764705882352941 0.30000000000000004 0.0 4.766968574676397E-4 
0.375 0.14285714285714285 0.7272727272727273 0.16666666666666666 0.9445161290322581 0.3811164713990352 0.8941010906532191 0.11586452762923351 0.4405144694533762 0.4470588235294118 0.20000000000000004 0.0 0.0026860034468849697 
0.375 0.42857142857142855 0.7272727272727273 0.16666666666666666 0.9341935483870967 0.4521019986216403 0.9431218482467456 0.22281639928698752 0.4565916398713826 0.1411764705882353 0.35555555555555557 0.0 0.0 
0.875 0.5714285714285714 0.6363636363636364 0.5 0.9290322580645162 0.6650585802894555 0.7448106016183886 0.1212121212121212 0.4501607717041801 0.5647058823529412 0.2555555555555556 0.0 0.014970114773935683 
0.875 0.2857142857142857 0.6363636363636364 0.8333333333333334 0.9406451612903225 0.9396967608545831 0.9513310660255658 0.13725490196078433 0.6141479099678457 0.3411764705882353 0.4555555555555555 0.0 0.01116570716145356 
0.5 0.42857142857142855 0.18181818181818182 0.5 0.9316129032258065 0.06133700895933838 0.026621320511316996 0.14260249554367202 0.3022508038585209 0.38823529411764707 0.5555555555555556 0.0 0.0 
0.875 0.5714285714285714 0.7272727272727273 0.6666666666666666 0.9341935483870967 0.3108201240523777 0.8563386888706462 0.12834224598930483 0.594855305466238 0.36470588235294116 0.2555555555555556 0.0 0.027666752227641086 
0.0 0.0 0.6363636363636364 0.8333333333333334 0.967741935483871 0.7925568573397657 0.8293655447402369 0.14973262032085563 0.7620578778135049 0.2 0.30000000000000004 0.0 0.0 
0.25 0.2857142857142857 0.7272727272727273 0.5 0.9341935483870967 0.30013783597518956 0.8488331183300106 0.14795008912655971 0.662379421221865 0.36470588235294116 0.4 0.0 0.00453778739320157 
0.375 0.42857142857142855 0.09090909090909091 0.8333333333333334 0.8516129032258064 0.02446588559614059 0.05523630819749032 0.0516934046345811 0.38585209003215437 0.36470588235294116 0.4 0.0 0.0 
0.375 0.14285714285714285 0.7272727272727273 0.6666666666666666 0.9238709677419354 0.9955203308063404 0.993784449396036 0.1319073083778966 0.5691318327974276 0.3411764705882353 0.30000000000000004 0.0 0.007150452862014595 
0.125 0.2857142857142857 0.6363636363636364 1.0 0.9458064516129032 0.6964162646450723 0.7700246276533365 0.1443850267379679 0.729903536977492 0.3176470588235294 0.5555555555555556 0.0 0.0022368083311943092 
0.25 0.2857142857142857 0.6363636363636364 1.0 0.9406451612903225 0.6209510682288079 0.7096282397091591 0.1354723707664884 0.7202572347266882 0.3411764705882353 0.4 0.0 0.0029335191228777825 
0.125 0.42857142857142855 0.5454545454545454 0.8333333333333334 0.9303225806451613 0.28807718814610617 0.4323912278644307 0.0998217468805704 0.6945337620578779 0.4235294117647059 0.15555555555555556 0.0 0.0 
0.875 0.5714285714285714 0.6363636363636364 0.8333333333333334 0.9122580645161291 0.8700895933838733 0.8918728743989679 0.1729055258467023 0.38585209003215437 0.6823529411764706 0.2555555555555556 0.0 0.0 
0.125 0.42857142857142855 0.6363636363636364 0.8333333333333334 0.967741935483871 0.7925568573397657 0.8293655447402369 0.14973262032085563 0.6881028938906754 0.4470588235294118 0.4 0.0 0.005894539987532544 
0.625 0.42857142857142855 0.2727272727272727 0.0 0.8929032258064517 0.08201240523776705 0.03952151987803448 0.0659536541889483 0.2797427652733119 0.5764705882352941 0.30000000000000004 0.0 0.0030710278317626787 
0.5 0.42857142857142855 0.6363636363636364 1.0 0.9716129032258064 0.16126809097174363 0.10883077283921659 0.1907308377896613 0.4855305466237943 0.7647058823529411 0.4555555555555555 0.0 0.0 
0.25 0.2857142857142857 0.18181818181818182 0.3333333333333333 0.9638709677419355 0.055823569951757405 0.023924006098276062 0.17647058823529413 0.21543408360128619 0.23529411764705882 0.8444444444444444 0.0 0.0 
0.75 0.2857142857142857 0.7272727272727273 0.3333333333333333 0.9161290322580645 0.977946243969676 0.9805324264102263 0.1800356506238859 0.2668810289389068 0.7294117647058823 0.4 0.0 0.0 
0.0 0.2857142857142857 0.7272727272727273 1.0 0.9329032258064516 0.9483115093039283 0.9583675384074117 0.1265597147950089 0.39549839228295824 0.7176470588235294 0.7999999999999999 0.0 0.003401048733086429 
0.375 0.14285714285714285 0.36363636363636365 0.6666666666666666 0.9148387096774192 0.0837353549276361 0.07716664712091004 0.10160427807486631 0.5080385852090032 0.29411764705882354 0.4 0.0 0.03527556745260533 
0.375 0.14285714285714285 0.5454545454545454 0.5 0.9612903225806452 0.3904203997243281 0.6474727336695203 0.16934046345811052 0.9003215434083602 0.08235294117647059 0.5 0.0 0.0 
0.875 0.5714285714285714 0.6363636363636364 1.0 0.983225806451613 0.4452101998621641 0.6792541339275243 0.25133689839572193 0.9260450160771705 0.1411764705882353 0.5555555555555556 0.0 0.0 
0.5 0.2857142857142857 0.6363636363636364 0.16666666666666666 0.9858064516129031 0.48311509303928335 0.701184472850944 0.3155080213903743 0.7781350482315113 0.2235294117647059 0.35555555555555557 0.0 0.015034285504748633 
0.375 0.2857142857142857 0.6363636363636364 0.3333333333333333 0.9858064516129031 0.48311509303928335 0.701184472850944 0.3155080213903743 0.5916398713826367 0.5058823529411764 0.1 0.0 0.0 
0.375 0.2857142857142857 0.6363636363636364 0.5 0.9948387096774193 0.5199862164024811 0.7226457136155741 0.24598930481283424 0.9710610932475885 0.07058823529411765 0.4555555555555555 0.0 0.0 
0.875 0.5714285714285714 0.6363636363636364 0.16666666666666666 0.9987096774193547 0.6202618883528601 0.7778820218130644 0.2549019607843137 0.6237942122186496 0.5882352941176471 0.5 0.125 0.0 
0.375 0.2857142857142857 0.6363636363636364 0.16666666666666666 0.9987096774193547 0.6202618883528601 0.7778820218130644 0.2549019607843137 0.594855305466238 0.6352941176470588 0.5 0.0625 0.0 
0.125 0.2857142857142857 0.6363636363636364 0.3333333333333333 0.9780645161290322 0.4765678842177809 0.7988741644189047 0.35650623885918004 0.8681672025723474 0.17647058823529413 0.5 0.0 0.0017876132155036487 
0.0 0.0 0.6363636363636364 0.5 0.9329032258064516 0.5585802894555479 0.8637269848715843 0.1800356506238859 0.7877813504823151 0.23529411764705882 0.15555555555555556 0.0 0.005317003410215981 
0.0 0.0 0.6363636363636364 0.6666666666666666 0.9329032258064516 0.571330117160579 0.8733434971267738 0.1265597147950089 0.5241157556270097 0.6823529411764706 0.8999999999999999 0.0 0.0 
0.0 0.2857142857142857 0.6363636363636364 0.8333333333333334 0.9767741935483871 0.4993108201240524 0.7116219068840155 0.20142602495543674 0.7524115755627011 0.3176470588235294 0.4 0.0 0.0 
