140.0 25.0 9 0.0 0.0 0.99999875 1.4666697 1.1111107 0.118517555 128.0 117.77778 142.33334 123.888885 -30.666666 43.0 -12.333333 142.33334 0.17250364 -2.3545518 SKY 
66.0 41.0 9 0.0 0.0 0.61111194 0.32773077 0.38889185 0.32773316 109.703705 95.111115 128.88889 105.111115 -43.77778 57.555557 -13.777778 128.88889 0.26204562 -2.404745 SKY 
228.0 20.0 9 0.0 0.0 1.0555547 0.49065518 0.8333333 0.7527733 125.0 114.0 140.55556 120.44444 -33.0 46.666668 -13.666667 140.55556 0.18889166 -2.348006 SKY 
156.0 32.0 9 0.0 0.0 0.77777356 0.16296418 2.6111095 1.0407379 136.2963 129.77779 146.33334 132.77779 -19.555555 30.11111 -10.555555 146.33334 0.113055356 -2.280755 SKY 
8.0 39.0 9 0.11111111 0.0 1.3888906 1.129629 1.8333334 0.699999 113.37037 102.55556 132.0 105.55556 -32.444443 55.88889 -23.444445 132.0 0.22295359 -2.1981578 SKY 
44.0 79.0 9 0.0 0.0 0.44444403 0.34426486 0.7777786 0.4036864 107.74074 93.888885 126.55556 102.77778 -41.555557 56.444443 -14.888889 126.55556 0.2580791 -2.3779652 SKY 
86.0 197.0 9 0.11111111 0.11111111 1.611112 1.4516907 1.2777786 1.1038647 63.22222 56.22222 77.77778 55.666668 -21.0 43.666668 -22.666666 77.77778 0.28533262 -2.06802 PATH 
134.0 187.0 9 0.0 0.0 1.8888887 1.5153537 2.1111114 1.7847083 59.37037 52.666668 74.111115 51.333332 -20.11111 44.22222 -24.11111 74.111115 0.30745777 -2.03348 PATH 
219.0 176.0 9 0.0 0.11111111 2.1111119 1.857917 5.111111 2.8414931 60.296295 53.333332 75.66667 51.88889 -20.88889 46.11111 -25.222221 75.66667 0.31446242 -2.0306482 PATH 
202.0 193.0 9 0.0 0.0 1.111112 0.7503075 3.3888881 2.489236 41.703705 37.88889 50.666668 36.555557 -11.444445 26.88889 -15.444445 50.666668 0.27838665 -1.9929975 PATH 
87.0 196.0 9 0.11111111 0.0 1.3333321 0.8692278 2.222222 1.6688869 61.592594 55.0 75.66667 54.11111 -19.777779 42.22222 -22.444445 75.66667 0.28752622 -2.0487363 PATH 
77.0 185.0 9 0.0 0.0 2.944445 7.6629586 6.2222214 32.118523 32.555557 29.222221 39.666668 28.777779 -10.0 21.333334 -11.333333 39.666668 0.27036038 -2.0852716 PATH 
191.0 119.0 9 0.0 0.0 1.1111107 1.2938615 0.9444459 0.772202 39.851852 36.22222 48.22222 35.11111 -10.888889 25.11111 -14.222222 48.22222 0.27171725 -2.0059998 CEMENT 
136.0 45.0 9 0.0 0.0 1.222222 1.5444059 2.0555553 1.5263131 53.074074 48.11111 63.77778 47.333332 -14.888889 32.11111 -17.222221 63.77778 0.25936732 -2.0459049 CEMENT 
190.0 105.0 9 0.0 0.0 1.8888893 2.2962983 2.166666 1.6777797 45.74074 41.22222 56.333332 39.666668 -13.555555 31.777779 -18.222221 56.333332 0.29599184 -1.9960818 CEMENT 
198.0 127.0 9 0.0 0.0 2.4444444 4.385187 8.555555 59.54075 40.74074 38.0 48.22222 36.0 -8.222222 22.444445 -14.222222 48.22222 0.24899939 -1.9083478 CEMENT 
243.0 120.0 9 0.0 0.0 4.4444447 4.359749 1.5555547 1.8338387 47.851852 44.77778 56.333332 42.444443 -9.222222 25.444445 -16.222221 56.333332 0.2453213 -1.9107349 CEMENT 
151.0 89.0 9 0.0 0.0 8.388889 4.577317 0.72222203 0.38968238 31.703703 27.333334 41.0 26.777779 -13.111111 27.88889 -14.777778 41.0 0.35127252 -2.0465415 CEMENT 
204.0 156.0 9 0.0 0.0 0.5000003 0.27888626 1.9999996 0.55777323 23.703703 17.333334 25.444445 28.333334 -19.11111 5.2222223 13.888889 28.333334 0.38903406 2.8649306 GRASS 
60.0 181.0 9 0.11111111 0.0 1.6666666 1.2000005 2.6666667 2.0888875 19.62963 17.11111 17.88889 23.88889 -7.5555553 -5.2222223 12.777778 23.88889 0.28569087 2.1891353 GRASS 
89.0 221.0 9 0.0 0.0 1.3888888 1.4851848 1.4444445 1.5851862 14.074074 10.666667 12.444445 19.11111 -10.222222 -4.888889 15.111111 19.11111 0.44601154 2.3172119 GRASS 
200.0 250.0 9 0.0 0.0 2.2777777 1.420746 1.4444445 1.0255988 9.222222 6.5555553 7.3333335 13.777778 -8.0 -5.6666665 13.666667 13.777778 0.5633903 2.1929355 GRASS 
186.0 173.0 9 0.0 0.0 1.4444445 0.82963055 2.1111114 1.9851853 17.148148 13.555555 15.555555 22.333334 -10.777778 -4.7777777 15.555555 22.333334 0.39643326 2.332739 GRASS 
62.0 223.0 9 0.0 0.0 2.5 5.722223 1.6666666 2.4444442 6.6666665 4.888889 4.666667 10.444445 -5.3333335 -6.0 11.333333 10.444445 0.5931498 2.0465877 GRASS 
140.0 125.0 9 0.0 0.0 0.2777779 0.06296301 0.66666675 0.31111118 6.185185 7.3333335 7.6666665 3.5555556 3.4444444 4.4444447 -7.888889 7.7777777 0.5456349 -1.1218182 BRICKFACE 
105.0 139.0 9 0.0 0.0 0.27777782 0.107407436 0.83333325 0.52222216 6.111111 7.5555553 7.2222223 3.5555556 4.3333335 3.3333333 -7.6666665 7.5555553 0.5326279 -0.96594584 BRICKFACE 
39.0 111.0 9 0.0 0.0 0.72222227 0.37407416 0.8888889 0.4296295 6.037037 7.0 7.6666665 3.4444444 2.8888888 4.888889 -7.7777777 7.888889 0.56291884 -1.1757725 BRICKFACE 
26.0 67.0 9 0.11111111 0.0 1.0 0.8888903 2.4444447 3.1851847 20.0 19.555555 25.88889 14.555555 -1.3333334 17.666666 -16.333334 25.88889 0.4369392 -1.6232022 BRICKFACE 
11.0 108.0 9 0.0 0.0 1.3333335 0.80000025 1.3888888 0.95185167 17.666666 19.0 21.11111 12.888889 4.0 10.333333 -14.333333 21.11111 0.38875645 -1.3021333 BRICKFACE 
18.0 145.0 9 0.0 0.0 0.38888896 0.018518496 0.6111111 0.3740741 3.925926 5.5555553 4.0 2.2222223 4.888889 0.22222222 -5.111111 5.5555553 0.6005291 -0.57094 BRICKFACE 
101.0 121.0 9 0.11111111 0.0 0.6666667 0.843274 1.5 0.88819396 3.4074075 1.1111112 6.0 3.1111112 -6.888889 7.7777777 -0.8888889 6.0 0.8435185 -2.5191648 FOLIAGE 
45.0 89.0 9 0.0 0.0 0.7777777 0.3407409 0.77777773 0.47407398 2.2962964 0.11111111 6.4444447 0.33333334 -6.5555553 12.444445 -5.888889 6.4444447 0.9861111 -2.1239047 FOLIAGE 
52.0 102.0 9 0.0 0.0 0.72222227 0.50740725 0.8333333 0.5666668 2.8888888 0.6666667 6.3333335 1.6666666 -6.6666665 10.333333 -3.6666667 6.3333335 0.89973545 -2.2617195 FOLIAGE 
80.0 87.0 9 0.0 0.11111111 24.388891 572.9964 44.722225 1386.3292 67.44444 58.77778 79.0 64.55556 -26.0 34.666668 -8.666667 79.0 0.30628127 -2.4221272 FOLIAGE 
69.0 139.0 9 0.0 0.0 2.8333328 1.7732588 2.1111112 1.6688871 18.074074 16.0 22.555555 15.666667 -6.2222223 13.444445 -7.2222223 23.88889 0.38661182 -1.7028334 FOLIAGE 
6.0 81.0 9 0.0 0.11111111 4.111111 8.740745 5.722223 28.50741 12.481482 7.6666665 18.88889 10.888889 -14.444445 19.222221 -4.7777777 18.88889 0.6281558 -2.388561 FOLIAGE 
189.0 144.0 9 0.0 0.0 0.0 0.0 0.0 0.0 0.0 0.0 0.0 0.0 0.0 0.0 0.0 0.0 0.0 0.0 WINDOW 
210.0 153.0 9 0.0 0.0 0.0 0.0 0.0 0.0 0.0 0.0 0.0 0.0 0.0 0.0 0.0 0.0 0.0 0.0 WINDOW 
243.0 94.0 9 0.0 0.0 0.6666666 0.31111112 0.22222221 0.029629631 1.1851852 0.22222222 3.2222223 0.11111111 -2.8888888 6.111111 -3.2222223 3.2222223 0.9777778 -2.0712416 WINDOW 
226.0 131.0 9 0.0 0.0 0.0 0.0 0.0 0.0 0.0 0.0 0.0 0.0 0.0 0.0 0.0 0.0 0.0 0.0 WINDOW 
43.0 152.0 9 0.0 0.0 1.9444445 1.7074082 1.2222222 0.8296299 1.5185186 1.0 2.8888888 0.6666667 -1.5555556 4.111111 -2.5555556 2.8888888 0.64867723 -1.9332389 WINDOW 
157.0 85.0 9 0.0 0.0 1.2222223 1.2412657 0.22222233 0.17213264 18.925926 14.555555 26.88889 15.333333 -13.111111 23.88889 -10.777778 26.88889 0.45902446 -2.1609125 WINDOW 
140.0 25.0 9 0.0 0.0 0.99999875 1.4666697 1.1111107 0.118517555 128.0 117.77778 142.33334 123.888885 -30.666666 43.0 -12.333333 142.33334 0.17250364 -2.3545518 SKY 
66.0 41.0 9 0.0 0.0 0.61111194 0.32773077 0.38889185 0.32773316 109.703705 95.111115 128.88889 105.111115 -43.77778 57.555557 -13.777778 128.88889 0.26204562 -2.404745 SKY 
228.0 20.0 9 0.0 0.0 1.0555547 0.49065518 0.8333333 0.7527733 125.0 114.0 140.55556 120.44444 -33.0 46.666668 -13.666667 140.55556 0.18889166 -2.348006 SKY 
156.0 32.0 9 0.0 0.0 0.77777356 0.16296418 2.6111095 1.0407379 136.2963 129.77779 146.33334 132.77779 -19.555555 30.11111 -10.555555 146.33334 0.113055356 -2.280755 SKY 
8.0 39.0 9 0.11111111 0.0 1.3888906 1.129629 1.8333334 0.699999 113.37037 102.55556 132.0 105.55556 -32.444443 55.88889 -23.444445 132.0 0.22295359 -2.1981578 SKY 
44.0 79.0 9 0.0 0.0 0.44444403 0.34426486 0.7777786 0.4036864 107.74074 93.888885 126.55556 102.77778 -41.555557 56.444443 -14.888889 126.55556 0.2580791 -2.3779652 SKY 
86.0 197.0 9 0.11111111 0.11111111 1.611112 1.4516907 1.2777786 1.1038647 63.22222 56.22222 77.77778 55.666668 -21.0 43.666668 -22.666666 77.77778 0.28533262 -2.06802 PATH 
134.0 187.0 9 0.0 0.0 1.8888887 1.5153537 2.1111114 1.7847083 59.37037 52.666668 74.111115 51.333332 -20.11111 44.22222 -24.11111 74.111115 0.30745777 -2.03348 PATH 
219.0 176.0 9 0.0 0.11111111 2.1111119 1.857917 5.111111 2.8414931 60.296295 53.333332 75.66667 51.88889 -20.88889 46.11111 -25.222221 75.66667 0.31446242 -2.0306482 PATH 
202.0 193.0 9 0.0 0.0 1.111112 0.7503075 3.3888881 2.489236 41.703705 37.88889 50.666668 36.555557 -11.444445 26.88889 -15.444445 50.666668 0.27838665 -1.9929975 PATH 
87.0 196.0 9 0.11111111 0.0 1.3333321 0.8692278 2.222222 1.6688869 61.592594 55.0 75.66667 54.11111 -19.777779 42.22222 -22.444445 75.66667 0.28752622 -2.0487363 PATH 
77.0 185.0 9 0.0 0.0 2.944445 7.6629586 6.2222214 32.118523 32.555557 29.222221 39.666668 28.777779 -10.0 21.333334 -11.333333 39.666668 0.27036038 -2.0852716 PATH 
191.0 119.0 9 0.0 0.0 1.1111107 1.2938615 0.9444459 0.772202 39.851852 36.22222 48.22222 35.11111 -10.888889 25.11111 -14.222222 48.22222 0.27171725 -2.0059998 CEMENT 
136.0 45.0 9 0.0 0.0 1.222222 1.5444059 2.0555553 1.5263131 53.074074 48.11111 63.77778 47.333332 -14.888889 32.11111 -17.222221 63.77778 0.25936732 -2.0459049 CEMENT 
190.0 105.0 9 0.0 0.0 1.8888893 2.2962983 2.166666 1.6777797 45.74074 41.22222 56.333332 39.666668 -13.555555 31.777779 -18.222221 56.333332 0.29599184 -1.9960818 CEMENT 
198.0 127.0 9 0.0 0.0 2.4444444 4.385187 8.555555 59.54075 40.74074 38.0 48.22222 36.0 -8.222222 22.444445 -14.222222 48.22222 0.24899939 -1.9083478 CEMENT 
243.0 120.0 9 0.0 0.0 4.4444447 4.359749 1.5555547 1.8338387 47.851852 44.77778 56.333332 42.444443 -9.222222 25.444445 -16.222221 56.333332 0.2453213 -1.9107349 CEMENT 
151.0 89.0 9 0.0 0.0 8.388889 4.577317 0.72222203 0.38968238 31.703703 27.333334 41.0 26.777779 -13.111111 27.88889 -14.777778 41.0 0.35127252 -2.0465415 CEMENT 
204.0 156.0 9 0.0 0.0 0.5000003 0.27888626 1.9999996 0.55777323 23.703703 17.333334 25.444445 28.333334 -19.11111 5.2222223 13.888889 28.333334 0.38903406 2.8649306 GRASS 
60.0 181.0 9 0.11111111 0.0 1.6666666 1.2000005 2.6666667 2.0888875 19.62963 17.11111 17.88889 23.88889 -7.5555553 -5.2222223 12.777778 23.88889 0.28569087 2.1891353 GRASS 
89.0 221.0 9 0.0 0.0 1.3888888 1.4851848 1.4444445 1.5851862 14.074074 10.666667 12.444445 19.11111 -10.222222 -4.888889 15.111111 19.11111 0.44601154 2.3172119 GRASS 
200.0 250.0 9 0.0 0.0 2.2777777 1.420746 1.4444445 1.0255988 9.222222 6.5555553 7.3333335 13.777778 -8.0 -5.6666665 13.666667 13.777778 0.5633903 2.1929355 GRASS 
186.0 173.0 9 0.0 0.0 1.4444445 0.82963055 2.1111114 1.9851853 17.148148 13.555555 15.555555 22.333334 -10.777778 -4.7777777 15.555555 22.333334 0.39643326 2.332739 GRASS 
62.0 223.0 9 0.0 0.0 2.5 5.722223 1.6666666 2.4444442 6.6666665 4.888889 4.666667 10.444445 -5.3333335 -6.0 11.333333 10.444445 0.5931498 2.0465877 GRASS 
140.0 125.0 9 0.0 0.0 0.2777779 0.06296301 0.66666675 0.31111118 6.185185 7.3333335 7.6666665 3.5555556 3.4444444 4.4444447 -7.888889 7.7777777 0.5456349 -1.1218182 BRICKFACE 
105.0 139.0 9 0.0 0.0 0.27777782 0.107407436 0.83333325 0.52222216 6.111111 7.5555553 7.2222223 3.5555556 4.3333335 3.3333333 -7.6666665 7.5555553 0.5326279 -0.96594584 BRICKFACE 
39.0 111.0 9 0.0 0.0 0.72222227 0.37407416 0.8888889 0.4296295 6.037037 7.0 7.6666665 3.4444444 2.8888888 4.888889 -7.7777777 7.888889 0.56291884 -1.1757725 BRICKFACE 
26.0 67.0 9 0.11111111 0.0 1.0 0.8888903 2.4444447 3.1851847 20.0 19.555555 25.88889 14.555555 -1.3333334 17.666666 -16.333334 25.88889 0.4369392 -1.6232022 BRICKFACE 
11.0 108.0 9 0.0 0.0 1.3333335 0.80000025 1.3888888 0.95185167 17.666666 19.0 21.11111 12.888889 4.0 10.333333 -14.333333 21.11111 0.38875645 -1.3021333 BRICKFACE 
18.0 145.0 9 0.0 0.0 0.38888896 0.018518496 0.6111111 0.3740741 3.925926 5.5555553 4.0 2.2222223 4.888889 0.22222222 -5.111111 5.5555553 0.6005291 -0.57094 BRICKFACE 
101.0 121.0 9 0.11111111 0.0 0.6666667 0.843274 1.5 0.88819396 3.4074075 1.1111112 6.0 3.1111112 -6.888889 7.7777777 -0.8888889 6.0 0.8435185 -2.5191648 FOLIAGE 
45.0 89.0 9 0.0 0.0 0.7777777 0.3407409 0.77777773 0.47407398 2.2962964 0.11111111 6.4444447 0.33333334 -6.5555553 12.444445 -5.888889 6.4444447 0.9861111 -2.1239047 FOLIAGE 
52.0 102.0 9 0.0 0.0 0.72222227 0.50740725 0.8333333 0.5666668 2.8888888 0.6666667 6.3333335 1.6666666 -6.6666665 10.333333 -3.6666667 6.3333335 0.89973545 -2.2617195 FOLIAGE 
80.0 87.0 9 0.0 0.11111111 24.388891 572.9964 44.722225 1386.3292 67.44444 58.77778 79.0 64.55556 -26.0 34.666668 -8.666667 79.0 0.30628127 -2.4221272 FOLIAGE 
69.0 139.0 9 0.0 0.0 2.8333328 1.7732588 2.1111112 1.6688871 18.074074 16.0 22.555555 15.666667 -6.2222223 13.444445 -7.2222223 23.88889 0.38661182 -1.7028334 FOLIAGE 
6.0 81.0 9 0.0 0.11111111 4.111111 8.740745 5.722223 28.50741 12.481482 7.6666665 18.88889 10.888889 -14.444445 19.222221 -4.7777777 18.88889 0.6281558 -2.388561 FOLIAGE 
189.0 144.0 9 0.0 0.0 0.0 0.0 0.0 0.0 0.0 0.0 0.0 0.0 0.0 0.0 0.0 0.0 0.0 0.0 WINDOW 
210.0 153.0 9 0.0 0.0 0.0 0.0 0.0 0.0 0.0 0.0 0.0 0.0 0.0 0.0 0.0 0.0 0.0 0.0 WINDOW 
243.0 94.0 9 0.0 0.0 0.6666666 0.31111112 0.22222221 0.029629631 1.1851852 0.22222222 3.2222223 0.11111111 -2.8888888 6.111111 -3.2222223 3.2222223 0.9777778 -2.0712416 WINDOW 
226.0 131.0 9 0.0 0.0 0.0 0.0 0.0 0.0 0.0 0.0 0.0 0.0 0.0 0.0 0.0 0.0 0.0 0.0 WINDOW 
43.0 152.0 9 0.0 0.0 1.9444445 1.7074082 1.2222222 0.8296299 1.5185186 1.0 2.8888888 0.6666667 -1.5555556 4.111111 -2.5555556 2.8888888 0.64867723 -1.9332389 WINDOW 
157.0 85.0 9 0.0 0.0 1.2222223 1.2412657 0.22222233 0.17213264 18.925926 14.555555 26.88889 15.333333 -13.111111 23.88889 -10.777778 26.88889 0.45902446 -2.1609125 WINDOW 
