142.0 33.0 9 0.0 0.0 0.49999872 0.62360865 0.50000125 0.3496027 110.59259 96.77778 128.66667 106.333336 -41.444443 54.22222 -12.777778 128.66667 0.24777646 -2.4080186 SKY 
124.0 29.0 9 0.0 0.0 1.0000013 0.7111076 1.0555534 0.90741664 128.44444 119.22222 142.88889 123.22222 -27.666666 43.333332 -15.666667 142.88889 0.16561614 -2.271128 SKY 
122.0 11.0 9 0.0 0.0 1.0 0.31111577 2.8888905 5.051852 143.44444 136.88889 150.88889 142.55556 -19.666666 22.333334 -2.6666667 150.88889 0.09277301 -2.5216477 SKY 
188.0 42.0 9 0.0 0.0 0.7777786 0.5443299 1.6666679 1.2649081 108.92593 95.666664 126.22222 104.888885 -39.77778 51.88889 -12.111111 126.22222 0.24193405 -2.4103878 SKY 
120.0 74.0 9 0.0 0.0 0.3333346 0.08888922 0.50000125 0.07777796 101.85185 89.111115 123.22222 93.22222 -38.22222 64.111115 -25.88889 123.22222 0.2767844 -2.2205532 SKY 
181.0 27.0 9 0.0 0.0 0.7222214 0.46296388 0.5 0.25555483 138.07408 132.55556 146.55556 135.11111 -16.555555 25.444445 -8.888889 146.55556 0.09626316 -2.2645319 SKY 
4.0 189.0 9 0.0 0.0 2.0555565 3.8851852 11.722221 114.59634 26.444445 23.444445 33.0 22.88889 -9.0 19.666666 -10.666667 33.0 0.27147257 -2.1010017 PATH 
205.0 190.0 9 0.0 0.0 1.2777773 0.9981452 1.6111107 1.1238158 49.48148 44.77778 60.666668 43.0 -14.111111 33.555557 -19.444445 60.666668 0.29078844 -1.9875989 PATH 
105.0 193.0 9 0.0 0.0 3.222222 1.9051597 2.8888893 2.1773255 60.11111 53.11111 75.111115 52.11111 -21.0 45.0 -24.0 75.111115 0.30846536 -2.047766 PATH 
214.0 161.0 9 0.0 0.0 3.7222223 0.72963357 11.5 18.922234 40.444443 35.333336 49.666668 36.333336 -15.333333 27.666666 -12.333333 49.666668 0.29805613 -2.198939 PATH 
189.0 187.0 9 0.0 0.0 1.2222227 1.0036974 3.0555553 2.3890193 48.51852 44.11111 59.88889 41.555557 -13.222222 34.11111 -20.88889 59.88889 0.30575457 -1.9474715 PATH 
182.0 186.0 9 0.11111111 0.0 3.666666 2.0439608 1.7777767 1.2412661 48.444443 43.77778 59.88889 41.666668 -14.0 34.333332 -20.333334 59.88889 0.30452195 -1.9730555 PATH 
219.0 80.0 9 0.0 0.0 1.2777767 0.3296295 0.6666667 0.9333318 39.703705 36.333336 48.22222 34.555557 -10.111111 25.555555 -15.444445 48.22222 0.28296396 -1.9626464 CEMENT 
37.0 78.0 9 0.0 0.0 1.0000006 0.17777735 2.5555565 2.8740728 43.814816 41.11111 51.88889 38.444443 -8.111111 24.222221 -16.11111 51.88889 0.25891644 -1.8860723 CEMENT 
230.0 117.0 9 0.0 0.0 3.2777786 0.92895794 1.4444433 0.86066324 39.037037 33.555557 49.77778 33.77778 -16.444445 32.22222 -15.777778 49.77778 0.33502588 -2.1062348 CEMENT 
118.0 126.0 9 0.0 0.0 0.6666667 0.39999974 1.8333336 2.1222224 20.555555 16.11111 28.666666 16.88889 -13.333333 24.333334 -11.0 28.666666 0.437078 -2.1588047 CEMENT 
217.0 148.0 9 0.0 0.0 2.0555556 2.551854 1.0555553 0.5074078 29.074074 21.444445 41.555557 24.222221 -22.88889 37.444443 -14.555555 41.555557 0.4837708 -2.2379715 CEMENT 
22.0 87.0 9 0.0 0.0 1.8888899 1.2590423 1.1666666 0.62361073 64.03704 55.77778 80.333336 56.0 -24.777779 48.88889 -24.11111 80.333336 0.30969977 -2.105073 CEMENT 
71.0 180.0 9 0.11111111 0.0 1.222222 0.5629625 3.0 1.8666646 22.333334 18.333334 21.444445 27.222221 -12.0 -2.6666667 14.666667 27.222221 0.3273826 2.4538307 GRASS 
8.0 199.0 9 0.0 0.0 1.6666671 0.78881073 1.3888893 0.71232533 15.0 13.333333 11.777778 19.88889 -5.0 -9.666667 14.666667 19.88889 0.40888458 1.9053026 GRASS 
2.0 245.0 9 0.0 0.0 1.8888888 2.162963 3.1666667 3.2777781 6.4074073 6.2222223 6.0 7.0 -0.5555556 -1.2222222 1.7777778 7.2222223 0.19104938 1.7566451 GRASS 
200.0 215.0 9 0.0 0.0 1.5555559 0.95839405 4.722222 2.6450515 23.037037 17.11111 22.555555 29.444445 -17.777779 -1.4444444 19.222221 29.444445 0.42076695 2.5610487 GRASS 
63.0 220.0 9 0.0 0.0 3.055556 15.2629595 3.6666667 6.0888896 8.185185 6.5555553 6.4444447 11.555555 -4.888889 -5.2222223 10.111111 11.555555 0.48671728 2.0931497 GRASS 
233.0 211.0 9 0.11111111 0.0 2.6666667 6.0888896 1.6666666 1.7333333 15.444445 12.444445 15.222222 18.666668 -9.0 -0.6666667 9.666667 18.666668 0.33542147 2.5549645 GRASS 
188.0 133.0 9 0.0 0.0 0.33333334 0.26666674 0.5 0.077777736 6.6666665 8.333334 7.7777777 3.8888888 5.0 3.3333333 -8.333333 8.444445 0.53858024 -0.92481726 BRICKFACE 
16.0 128.0 9 0.0 0.0 0.5 0.077777766 0.66666675 0.31111118 5.5555553 6.888889 6.6666665 3.1111112 4.0 3.3333333 -7.3333335 7.111111 0.56150794 -0.98581076 BRICKFACE 
85.0 101.0 9 0.0 0.0 1.3333334 1.2888881 1.2777777 1.2185181 21.296297 21.222221 26.777779 15.888889 -0.22222222 16.444445 -16.222221 26.777779 0.4047922 -1.5585992 BRICKFACE 
196.0 129.0 9 0.0 0.0 0.83333325 0.43333334 0.6666667 0.17777774 6.3333335 7.888889 7.3333335 3.7777777 4.6666665 3.0 -7.6666665 8.222222 0.54012346 -0.9327826 BRICKFACE 
2.0 44.0 9 0.0 0.0 2.1666672 2.3888876 2.3888896 1.5296285 18.74074 17.333334 25.222221 13.666667 -4.2222223 19.444445 -15.222222 25.222221 0.45768142 -1.7537255 BRICKFACE 
146.0 124.0 9 0.0 0.0 0.4999999 0.16666664 0.38888875 0.107407376 6.037037 7.4444447 7.3333335 3.3333333 4.2222223 3.8888888 -8.111111 7.6666665 0.56349206 -1.0247301 BRICKFACE 
21.0 122.0 9 0.0 0.0 0.44444445 0.4036867 0.44444445 0.4036867 0.5555556 0.0 1.2222222 0.44444445 -1.6666666 2.0 -0.33333334 1.2222222 0.5555556 -2.4445627 FOLIAGE 
54.0 91.0 9 0.0 0.0 1.4444443 1.540741 0.8333333 0.25555572 3.2592592 0.5555556 8.0 1.2222222 -8.111111 14.222222 -6.111111 8.0 0.94481075 -2.186723 FOLIAGE 
9.0 80.0 9 0.0 0.0 2.9444444 13.751853 16.666666 71.5111 23.62963 17.333334 31.666666 21.88889 -18.88889 24.11111 -5.2222223 31.666666 0.5142537 -2.4315135 FOLIAGE 
41.0 75.0 9 0.0 0.11111111 15.388889 19.136257 26.611113 31.71359 55.0 47.444443 65.44444 52.11111 -22.666666 31.333334 -8.666667 65.44444 0.29780185 -2.3567543 FOLIAGE 
94.0 144.0 9 0.0 0.0 0.44444442 0.118518494 0.49999997 0.1666667 1.1481482 0.0 3.4444444 0.0 -3.4444444 6.888889 -3.4444444 3.4444444 1.0 -2.0943952 FOLIAGE 
68.0 103.0 9 0.0 0.0 0.66666675 0.57777774 1.111111 0.96296334 2.148148 0.11111111 5.6666665 0.6666667 -6.111111 10.555555 -4.4444447 5.6666665 0.9876543 -2.1854658 FOLIAGE 
189.0 141.0 9 0.0 0.0 0.0 0.0 0.0 0.0 0.0 0.0 0.0 0.0 0.0 0.0 0.0 0.0 0.0 0.0 WINDOW 
229.0 104.0 9 0.0 0.0 0.49999985 0.54772234 2.8333333 2.0412421 19.777779 16.333334 26.11111 16.88889 -10.333333 19.0 -8.666667 26.11111 0.37553233 -2.1506376 WINDOW 
54.0 133.0 9 0.0 0.0 1.5555557 1.0074074 0.50000006 0.3444443 5.3703704 3.6666667 9.0 3.4444444 -5.111111 10.888889 -5.7777777 9.0 0.6304714 -2.0480003 WINDOW 
152.0 155.0 9 0.0 0.0 0.5 0.61111104 10.777778 131.80739 7.296296 5.3333335 11.0 5.5555553 -5.888889 11.111111 -5.2222223 11.0 0.5 -2.115567 WINDOW 
222.0 62.0 9 0.0 0.0 0.27777782 0.2509242 0.6666667 0.55777335 6.4074073 4.111111 11.444445 3.6666667 -6.888889 15.111111 -8.222222 11.444445 0.68080807 -2.0341523 WINDOW 
20.0 134.0 9 0.0 0.0 0.6666667 0.088888995 0.61111116 0.24074072 2.9629629 1.1111112 6.4444447 1.3333334 -5.5555553 10.444445 -4.888889 6.4444447 0.8292328 -2.133095 WINDOW 
142.0 33.0 9 0.0 0.0 0.49999872 0.62360865 0.50000125 0.3496027 110.59259 96.77778 128.66667 106.333336 -41.444443 54.22222 -12.777778 128.66667 0.24777646 -2.4080186 SKY 
124.0 29.0 9 0.0 0.0 1.0000013 0.7111076 1.0555534 0.90741664 128.44444 119.22222 142.88889 123.22222 -27.666666 43.333332 -15.666667 142.88889 0.16561614 -2.271128 SKY 
122.0 11.0 9 0.0 0.0 1.0 0.31111577 2.8888905 5.051852 143.44444 136.88889 150.88889 142.55556 -19.666666 22.333334 -2.6666667 150.88889 0.09277301 -2.5216477 SKY 
188.0 42.0 9 0.0 0.0 0.7777786 0.5443299 1.6666679 1.2649081 108.92593 95.666664 126.22222 104.888885 -39.77778 51.88889 -12.111111 126.22222 0.24193405 -2.4103878 SKY 
120.0 74.0 9 0.0 0.0 0.3333346 0.08888922 0.50000125 0.07777796 101.85185 89.111115 123.22222 93.22222 -38.22222 64.111115 -25.88889 123.22222 0.2767844 -2.2205532 SKY 
181.0 27.0 9 0.0 0.0 0.7222214 0.46296388 0.5 0.25555483 138.07408 132.55556 146.55556 135.11111 -16.555555 25.444445 -8.888889 146.55556 0.09626316 -2.2645319 SKY 
4.0 189.0 9 0.0 0.0 2.0555565 3.8851852 11.722221 114.59634 26.444445 23.444445 33.0 22.88889 -9.0 19.666666 -10.666667 33.0 0.27147257 -2.1010017 PATH 
205.0 190.0 9 0.0 0.0 1.2777773 0.9981452 1.6111107 1.1238158 49.48148 44.77778 60.666668 43.0 -14.111111 33.555557 -19.444445 60.666668 0.29078844 -1.9875989 PATH 
105.0 193.0 9 0.0 0.0 3.222222 1.9051597 2.8888893 2.1773255 60.11111 53.11111 75.111115 52.11111 -21.0 45.0 -24.0 75.111115 0.30846536 -2.047766 PATH 
214.0 161.0 9 0.0 0.0 3.7222223 0.72963357 11.5 18.922234 40.444443 35.333336 49.666668 36.333336 -15.333333 27.666666 -12.333333 49.666668 0.29805613 -2.198939 PATH 
189.0 187.0 9 0.0 0.0 1.2222227 1.0036974 3.0555553 2.3890193 48.51852 44.11111 59.88889 41.555557 -13.222222 34.11111 -20.88889 59.88889 0.30575457 -1.9474715 PATH 
182.0 186.0 9 0.11111111 0.0 3.666666 2.0439608 1.7777767 1.2412661 48.444443 43.77778 59.88889 41.666668 -14.0 34.333332 -20.333334 59.88889 0.30452195 -1.9730555 PATH 
219.0 80.0 9 0.0 0.0 1.2777767 0.3296295 0.6666667 0.9333318 39.703705 36.333336 48.22222 34.555557 -10.111111 25.555555 -15.444445 48.22222 0.28296396 -1.9626464 CEMENT 
37.0 78.0 9 0.0 0.0 1.0000006 0.17777735 2.5555565 2.8740728 43.814816 41.11111 51.88889 38.444443 -8.111111 24.222221 -16.11111 51.88889 0.25891644 -1.8860723 CEMENT 
230.0 117.0 9 0.0 0.0 3.2777786 0.92895794 1.4444433 0.86066324 39.037037 33.555557 49.77778 33.77778 -16.444445 32.22222 -15.777778 49.77778 0.33502588 -2.1062348 CEMENT 
118.0 126.0 9 0.0 0.0 0.6666667 0.39999974 1.8333336 2.1222224 20.555555 16.11111 28.666666 16.88889 -13.333333 24.333334 -11.0 28.666666 0.437078 -2.1588047 CEMENT 
217.0 148.0 9 0.0 0.0 2.0555556 2.551854 1.0555553 0.5074078 29.074074 21.444445 41.555557 24.222221 -22.88889 37.444443 -14.555555 41.555557 0.4837708 -2.2379715 CEMENT 
22.0 87.0 9 0.0 0.0 1.8888899 1.2590423 1.1666666 0.62361073 64.03704 55.77778 80.333336 56.0 -24.777779 48.88889 -24.11111 80.333336 0.30969977 -2.105073 CEMENT 
71.0 180.0 9 0.11111111 0.0 1.222222 0.5629625 3.0 1.8666646 22.333334 18.333334 21.444445 27.222221 -12.0 -2.6666667 14.666667 27.222221 0.3273826 2.4538307 GRASS 
8.0 199.0 9 0.0 0.0 1.6666671 0.78881073 1.3888893 0.71232533 15.0 13.333333 11.777778 19.88889 -5.0 -9.666667 14.666667 19.88889 0.40888458 1.9053026 GRASS 
2.0 245.0 9 0.0 0.0 1.8888888 2.162963 3.1666667 3.2777781 6.4074073 6.2222223 6.0 7.0 -0.5555556 -1.2222222 1.7777778 7.2222223 0.19104938 1.7566451 GRASS 
200.0 215.0 9 0.0 0.0 1.5555559 0.95839405 4.722222 2.6450515 23.037037 17.11111 22.555555 29.444445 -17.777779 -1.4444444 19.222221 29.444445 0.42076695 2.5610487 GRASS 
63.0 220.0 9 0.0 0.0 3.055556 15.2629595 3.6666667 6.0888896 8.185185 6.5555553 6.4444447 11.555555 -4.888889 -5.2222223 10.111111 11.555555 0.48671728 2.0931497 GRASS 
233.0 211.0 9 0.11111111 0.0 2.6666667 6.0888896 1.6666666 1.7333333 15.444445 12.444445 15.222222 18.666668 -9.0 -0.6666667 9.666667 18.666668 0.33542147 2.5549645 GRASS 
188.0 133.0 9 0.0 0.0 0.33333334 0.26666674 0.5 0.077777736 6.6666665 8.333334 7.7777777 3.8888888 5.0 3.3333333 -8.333333 8.444445 0.53858024 -0.92481726 BRICKFACE 
16.0 128.0 9 0.0 0.0 0.5 0.077777766 0.66666675 0.31111118 5.5555553 6.888889 6.6666665 3.1111112 4.0 3.3333333 -7.3333335 7.111111 0.56150794 -0.98581076 BRICKFACE 
85.0 101.0 9 0.0 0.0 1.3333334 1.2888881 1.2777777 1.2185181 21.296297 21.222221 26.777779 15.888889 -0.22222222 16.444445 -16.222221 26.777779 0.4047922 -1.5585992 BRICKFACE 
196.0 129.0 9 0.0 0.0 0.83333325 0.43333334 0.6666667 0.17777774 6.3333335 7.888889 7.3333335 3.7777777 4.6666665 3.0 -7.6666665 8.222222 0.54012346 -0.9327826 BRICKFACE 
2.0 44.0 9 0.0 0.0 2.1666672 2.3888876 2.3888896 1.5296285 18.74074 17.333334 25.222221 13.666667 -4.2222223 19.444445 -15.222222 25.222221 0.45768142 -1.7537255 BRICKFACE 
146.0 124.0 9 0.0 0.0 0.4999999 0.16666664 0.38888875 0.107407376 6.037037 7.4444447 7.3333335 3.3333333 4.2222223 3.8888888 -8.111111 7.6666665 0.56349206 -1.0247301 BRICKFACE 
21.0 122.0 9 0.0 0.0 0.44444445 0.4036867 0.44444445 0.4036867 0.5555556 0.0 1.2222222 0.44444445 -1.6666666 2.0 -0.33333334 1.2222222 0.5555556 -2.4445627 FOLIAGE 
54.0 91.0 9 0.0 0.0 1.4444443 1.540741 0.8333333 0.25555572 3.2592592 0.5555556 8.0 1.2222222 -8.111111 14.222222 -6.111111 8.0 0.94481075 -2.186723 FOLIAGE 
9.0 80.0 9 0.0 0.0 2.9444444 13.751853 16.666666 71.5111 23.62963 17.333334 31.666666 21.88889 -18.88889 24.11111 -5.2222223 31.666666 0.5142537 -2.4315135 FOLIAGE 
41.0 75.0 9 0.0 0.11111111 15.388889 19.136257 26.611113 31.71359 55.0 47.444443 65.44444 52.11111 -22.666666 31.333334 -8.666667 65.44444 0.29780185 -2.3567543 FOLIAGE 
94.0 144.0 9 0.0 0.0 0.44444442 0.118518494 0.49999997 0.1666667 1.1481482 0.0 3.4444444 0.0 -3.4444444 6.888889 -3.4444444 3.4444444 1.0 -2.0943952 FOLIAGE 
68.0 103.0 9 0.0 0.0 0.66666675 0.57777774 1.111111 0.96296334 2.148148 0.11111111 5.6666665 0.6666667 -6.111111 10.555555 -4.4444447 5.6666665 0.9876543 -2.1854658 FOLIAGE 
189.0 141.0 9 0.0 0.0 0.0 0.0 0.0 0.0 0.0 0.0 0.0 0.0 0.0 0.0 0.0 0.0 0.0 0.0 WINDOW 
229.0 104.0 9 0.0 0.0 0.49999985 0.54772234 2.8333333 2.0412421 19.777779 16.333334 26.11111 16.88889 -10.333333 19.0 -8.666667 26.11111 0.37553233 -2.1506376 WINDOW 
54.0 133.0 9 0.0 0.0 1.5555557 1.0074074 0.50000006 0.3444443 5.3703704 3.6666667 9.0 3.4444444 -5.111111 10.888889 -5.7777777 9.0 0.6304714 -2.0480003 WINDOW 
152.0 155.0 9 0.0 0.0 0.5 0.61111104 10.777778 131.80739 7.296296 5.3333335 11.0 5.5555553 -5.888889 11.111111 -5.2222223 11.0 0.5 -2.115567 WINDOW 
222.0 62.0 9 0.0 0.0 0.27777782 0.2509242 0.6666667 0.55777335 6.4074073 4.111111 11.444445 3.6666667 -6.888889 15.111111 -8.222222 11.444445 0.68080807 -2.0341523 WINDOW 
20.0 134.0 9 0.0 0.0 0.6666667 0.088888995 0.61111116 0.24074072 2.9629629 1.1111112 6.4444447 1.3333334 -5.5555553 10.444445 -4.888889 6.4444447 0.8292328 -2.133095 WINDOW 
