0.020903573836817263 0.12324649298597194 0.3743743743743744 0.125 0.15384615384615385 0.13636363636363635 0.18181818181818182 
0.03910991233985165 0.06062124248496994 0.12412412412412413 0.25 0.019230769230769232 0.2159090909090909 0.12062937062937062 
0.028320971004720162 0.12324649298597194 0.1866866866866867 0.125 0.11538461538461539 0.06818181818181818 0.09353146853146853 
0.2043155765340526 0.014028056112224449 0.03028028028028028 0.015625 0.019230769230769232 0.017045454545454544 0.05506993006993007 
0.055967633175994604 0.02930861723446894 0.12412412412412413 0.09375 0.057692307692307696 0.03409090909090909 0.022727272727272728 
0.08293998651382332 0.06062124248496994 0.12412412412412413 0.125 0.019230769230769232 0.3068181818181818 0.05244755244755245 
0.004045853000674309 0.49899799599198397 1.0 0.25 0.3076923076923077 0.18181818181818182 0.5506993006993007 
0.08293998651382332 0.06062124248496994 0.06156156156156156 0.0 0.057692307692307696 0.03409090909090909 0.020104895104895104 
0.19082939986513822 0.01002004008016032 0.1866866866866867 0.0234375 0.019230769230769232 0.13636363636363635 0.04108391608391608 
0.026298044504383007 0.1620741482965932 0.32698323323323325 0.1171875 0.23076923076923078 0.13636363636363635 0.08741258741258741 
0.14025623735670936 0.02930861723446894 0.06156156156156156 0.0078125 0.057692307692307696 0.03409090909090909 0.015734265734265736 
0.022252191503708697 0.12324649298597194 0.4994994994994995 0.4375 1.0 0.5909090909090909 0.34178321678321677 
0.055967633175994604 0.02930861723446894 0.12412412412412413 0.0 0.038461538461538464 0.03409090909090909 0.008741258741258742 
0.02899527983816588 0.12324649298597194 0.24924924924924924 0.125 0.019230769230769232 0.03409090909090909 0.06993006993006994 
0.4605529332434255 0.006012024048096192 0.03028028028028028 0.0 0.019230769230769232 0.005681818181818182 0.015734265734265736 
0.15037086985839515 0.014028056112224449 0.01463963963963964 0.03125 0.019230769230769232 0.017045454545454544 0.0 
0.2043155765340526 0.014028056112224449 0.12412412412412413 0.015625 0.019230769230769232 0.028409090909090908 0.02972027972027972 
0.03169251517194875 0.1620741482965932 0.32698323323323325 0.1171875 0.23076923076923078 0.13636363636363635 0.17657342657342656 
0.10991233985165205 0.06062124248496994 0.24924924924924924 0.0625 0.019230769230769232 0.03409090909090909 0.05244755244755245 
0.11328388401888065 0.06062124248496994 0.24924924924924924 0.0625 0.019230769230769232 0.03409090909090909 0.06118881118881119 
0.006068779501011463 0.49899799599198397 0.4994994994994995 0.25 0.15384615384615385 0.13636363636363635 0.4012237762237762 
0.05933917734322319 0.06062124248496994 0.06156156156156156 0.03125 0.057692307692307696 0.10795454545454546 0.022727272727272728 
0.05933917734322319 0.02930861723446894 0.06156156156156156 0.0 0.057692307692307696 0.13636363636363635 0.022727272727272728 
0.0 0.12324649298597194 0.24924924924924924 0.125 0.11538461538461539 0.06818181818181818 0.11101398601398602 
0.08496291301416048 0.04496492985971944 0.09753503503503504 0.0 0.09615384615384616 0.18181818181818182 0.02097902097902098 
0.022252191503708697 0.06062124248496994 0.24924924924924924 0.09375 0.019230769230769232 0.03409090909090909 0.06468531468531469 
0.0964261631827377 0.014028056112224449 0.03028028028028028 0.0078125 0.057692307692307696 0.045454545454545456 0.022727272727272728 
0.3122049898853675 0.02930861723446894 0.06156156156156156 0.0 0.0 0.0 0.03409090909090909 
0.008766014834794335 0.24849699398797595 1.0 0.5 0.23076923076923078 1.0 1.0 
0.026298044504383007 0.12324649298597194 0.12412412412412413 0.0 0.019230769230769232 0.045454545454545456 0.024475524475524476 
0.026298044504383007 0.12324649298597194 0.1866866866866867 0.0 0.019230769230769232 0.045454545454545456 0.03146853146853147 
0.21105866486850977 0.02930861723446894 0.06156156156156156 0.0 0.057692307692307696 0.03409090909090909 0.013986013986013986 
0.008766014834794335 0.49899799599198397 0.4994994994994995 1.0 0.3076923076923077 0.13636363636363635 0.4405594405594406 
0.006068779501011463 0.24849699398797595 0.3743743743743744 0.125 0.15384615384615385 0.09090909090909091 0.145979020979021 
0.21105866486850977 0.02930861723446894 0.04592092092092092 0.0 0.038461538461538464 0.022727272727272728 0.008741258741258742 
0.0964261631827377 0.02930861723446894 0.12412412412412413 0.0625 0.019230769230769232 0.07954545454545454 0.0472027972027972 
0.12339851652056642 0.02930861723446894 0.06156156156156156 0.0 0.019230769230769232 0.022727272727272728 0.02097902097902098 
0.08496291301416048 0.07001503006012023 0.09597097097097097 0.0 0.11538461538461539 0.36363636363636365 0.04807692307692308 
0.022252191503708697 0.12324649298597194 0.24924924924924924 0.25 0.09615384615384616 0.056818181818181816 0.09178321678321678 
0.19082939986513822 0.02930861723446894 0.06156156156156156 0.03125 0.057692307692307696 0.36363636363636365 0.027972027972027972 
0.06608226567768037 0.014028056112224449 0.09284284284284285 0.0625 0.019230769230769232 0.03409090909090909 0.03409090909090909 
