810 1000 5000 0 1 1 28 1 
800 256 8000 0 1 4 34 1 
90 256 1000 0 3 10 18 1 
330 1000 3000 0 2 4 23 1 
330 1000 2000 0 1 2 20 1 
480 96 512 0 1 1 15 1 
400 512 3500 4 1 6 24 2 
143 3100 6200 0 5 20 39 2 
320 512 2000 4 1 3 21 2 
320 256 5000 4 1 6 27 2 
50 2620 10480 30 12 24 74 2 
50 2000 8000 8 1 5 44 2 
50 2000 16000 8 3 6 74 2 
200 512 8000 8 1 8 38 2 
110 1000 4000 16 1 2 30 2 
125 512 1000 0 8 20 19 2 
105 1000 4000 0 3 24 28 2 
175 256 2000 0 3 24 20 2 
300 768 12000 6 6 24 52 2 
300 384 12000 6 1 24 50 2 
180 768 12000 6 1 31 53 2 
300 1000 16000 8 2 112 73 2 
140 2000 4000 0 3 6 28 2 
140 2000 4000 8 1 20 32 2 
140 2000 8000 32 1 54 57 2 
140 2000 4000 8 1 20 32 2 
203 1000 2000 0 1 5 21 2 
400 2000 4000 0 1 1 28 2 
900 1000 4000 8 1 2 28 2 
225 2000 4000 8 3 6 31 2 
29 8000 16000 32 8 16 132 3 
140 1000 16000 16 1 3 72 3 
75 2000 8000 64 1 38 75 3 
140 2000 32000 32 1 20 175 3 
140 2000 32000 32 1 54 181 3 
29 8000 32000 32 8 32 253 4 
64 5240 20970 30 12 24 136 4 
23 16000 32000 64 16 32 381 5 
26 16000 32000 64 16 24 361 6 
30 16000 32000 256 16 24 603 7 
23 32000 64000 128 32 64 1238 8 
