800 256 8000 0 1 4 34 1 
1100 512 1500 0 1 1 18 1 
600 768 2000 0 1 1 20 1 
900 1000 1000 0 1 2 18 1 
900 1000 4000 4 1 2 26 1 
1500 768 1000 0 0 0 18 1 
143 512 5000 0 7 32 29 2 
320 256 3000 4 1 3 22 2 
50 1000 8000 8 3 5 41 2 
700 256 2000 0 1 1 19 2 
75 2000 8000 8 3 24 47 2 
300 768 4500 0 1 24 27 2 
300 1000 4000 8 3 64 30 2 
140 2000 4000 0 4 8 29 2 
115 512 6000 16 1 6 35 2 
400 4000 8000 0 1 1 45 2 
900 2000 4000 0 3 6 28 2 
180 2000 8000 8 1 6 42 2 
180 2000 16000 16 1 6 76 2 
25 2000 12000 8 1 4 59 2 
17 4000 16000 8 6 12 101 2 
50 2000 4000 0 3 6 30 2 
50 2000 8000 8 1 6 44 2 
50 2000 16000 24 1 6 82 2 
100 1000 8000 24 2 6 46 2 
50 2000 16000 12 3 16 80 2 
50 2000 16000 24 6 16 88 2 
115 2000 8000 16 1 3 46 2 
92 2000 8000 32 1 6 53 2 
92 2000 8000 4 1 6 41 2 
75 2000 16000 64 1 38 113 3 
140 2000 32000 32 1 54 181 3 
26 8000 16000 0 8 16 113 3 
17 4000 16000 32 6 12 116 3 
50 8000 16000 48 1 10 128 3 
75 2000 16000 128 1 38 157 4 
57 4000 24000 64 12 16 171 4 
25 1310 2620 131 12 24 102 5 
26 16000 32000 64 8 24 350 6 
30 8000 64000 96 12 176 919 8 
