0.06608226567768037 0.06062124248496994 0.06156156156156156 0.0078125 0.019230769230769232 0.028409090909090908 0.02972027972027972 
0.22454484153742413 0.0 0.0 0.0 0.019230769230769232 0.022727272727272728 0.0034965034965034965 
0.5954146999325691 0.02930861723446894 0.01463963963963964 0.0 0.019230769230769232 0.011363636363636364 0.004370629370629371 
0.0782198246797033 0.02930861723446894 0.1866866866866867 0.03515625 0.057692307692307696 0.06818181818181818 0.057692307692307696 
0.10991233985165205 0.022044088176352707 0.1866866866866867 0.0234375 0.019230769230769232 0.17613636363636365 0.06818181818181818 
0.7302764666217127 0.014028056112224449 0.02245995995995996 0.0 0.019230769230769232 0.005681818181818182 8.741258741258741E-4 
0.07282535401213756 0.014028056112224449 0.01463963963963964 0.0 0.15384615384615385 0.11363636363636363 0.026223776223776224 
0.026972353337828724 0.12324649298597194 0.24924924924924924 0.00390625 0.11538461538461539 0.06818181818181818 0.11013986013986014 
0.049224544841537425 0.006012024048096192 0.01463963963963964 0.0 0.057692307692307696 0.056818181818181816 0.009615384615384616 
0.0964261631827377 0.02930861723446894 0.06156156156156156 0.03125 0.019230769230769232 0.07954545454545454 0.027972027972027972 
0.012137559002022926 0.24849699398797595 0.4994994994994995 0.25 0.15384615384615385 0.13636363636363635 0.3181818181818182 
0.015509103169251517 0.24849699398797595 0.24924924924924924 0.125 0.15384615384615385 0.09090909090909091 0.18181818181818182 
0.19082939986513822 0.02930861723446894 0.24924924924924924 0.03125 0.038461538461538464 0.6363636363636364 0.027972027972027972 
0.25826028320971006 0.014028056112224449 0.053741241241241244 0.015625 0.019230769230769232 0.03409090909090909 0.02972027972027972 
0.10991233985165205 0.014028056112224449 0.06156156156156156 0.0 0.019230769230769232 0.017045454545454544 0.013111888111888112 
0.5954146999325691 0.02930861723446894 0.06156156156156156 0.015625 0.019230769230769232 0.011363636363636364 0.01048951048951049 
0.06608226567768037 0.06062124248496994 0.12412412412412413 0.0625 0.019230769230769232 0.017045454545454544 0.038461538461538464 
0.037086985839514496 0.12324649298597194 0.24924924924924924 0.25 0.15384615384615385 0.09090909090909091 0.11975524475524475 
0.055967633175994604 0.02930861723446894 0.12412412412412413 0.09375 0.038461538461538464 0.03409090909090909 0.017482517482517484 
0.026972353337828724 0.12324649298597194 0.3743743743743744 0.25 0.23076923076923078 0.09090909090909091 0.20192307692307693 
0.12339851652056642 0.02930861723446894 0.12412412412412413 0.0 0.019230769230769232 0.011363636363636364 0.026223776223776224 
0.03910991233985165 0.06062124248496994 0.24924924924924924 0.5 0.019230769230769232 0.2159090909090909 0.22115384615384615 
0.022252191503708697 0.02930861723446894 0.06156156156156156 0.03125 0.019230769230769232 0.028409090909090908 0.020104895104895104 
0.15711395819285232 0.014028056112224449 0.06156156156156156 0.0 0.07692307692307693 0.03977272727272727 0.038461538461538464 
0.08496291301416048 0.014028056112224449 0.0772022022022022 0.0 0.1346153846153846 0.18181818181818182 0.019230769230769232 
0.02899527983816588 0.06062124248496994 0.12412412412412413 0.25390625 0.019230769230769232 0.045454545454545456 0.07517482517482517 
0.5347269049224544 0.014028056112224449 0.007007007007007007 0.03125 0.019230769230769232 0.005681818181818182 0.01048951048951049 
1.0 0.022044088176352707 0.03028028028028028 0.0 0.0 0.0 0.01048951048951049 
0.026298044504383007 0.06062124248496994 0.12412412412412413 0.0 0.019230769230769232 0.045454545454545456 0.015734265734265736 
0.12339851652056642 0.014028056112224449 0.24924924924924924 0.0 0.07692307692307693 0.18181818181818182 0.025349650349650348 
0.06405933917734322 0.02930861723446894 0.01463963963963964 0.0 0.019230769230769232 0.022727272727272728 0.0017482517482517483 
0.037086985839514496 0.06062124248496994 0.12412412412412413 0.0625 0.11538461538461539 0.045454545454545456 0.08653846153846154 
0.3122049898853675 0.014028056112224449 0.12412412412412413 0.125 0.0 0.0 0.05332167832167832 
0.014160485502360081 0.24849699398797595 0.3743743743743744 0.625 0.07692307692307693 0.045454545454545456 0.11713286713286714 
0.06271072151045179 0.02930861723446894 0.1866866866866867 0.0625 0.019230769230769232 0.011363636363636364 0.0472027972027972 
0.08293998651382332 0.06062124248496994 0.06156156156156156 0.03125 0.019230769230769232 0.11363636363636363 0.013986013986013986 
0.022252191503708697 0.06062124248496994 0.4994994994994995 0.1875 0.5 0.29545454545454547 0.17657342657342656 
0.08293998651382332 0.06062124248496994 0.4994994994994995 0.125 0.019230769230769232 0.3068181818181818 0.15996503496503497 
0.15037086985839515 0.014028056112224449 0.03028028028028028 0.03125 0.019230769230769232 0.028409090909090908 0.004370629370629371 
0.022252191503708697 0.02930861723446894 0.06156156156156156 0.03125 0.057692307692307696 0.028409090909090908 0.017482517482517484 
0.05461901550910317 0.02930861723446894 0.12412412412412413 0.125 0.038461538461538464 0.045454545454545456 0.03496503496503497 
