133 1000 12000 9 3 12 54 2 
300 768 3000 6 6 24 25 2 
330 1000 4000 0 3 6 25 2 
900 512 1000 0 1 2 17 1 
185 2000 16000 16 1 6 76 2 
25 2000 12000 16 3 5 65 2 
800 768 2000 0 0 0 20 1 
50 2000 16000 24 1 6 82 2 
50 2000 16000 24 6 16 88 2 
115 2000 4000 2 1 5 29 2 
75 4000 16000 16 1 6 86 2 
60 2000 16000 64 5 8 107 2 
72 4000 16000 64 8 16 120 3 
40 8000 32000 64 8 24 266 4 
48 4000 24000 32 8 24 151 4 
38 8000 32000 64 8 24 267 5 
84 1000 2000 0 1 6 21 1 
56 2000 8000 0 1 8 41 2 
56 4000 12000 0 1 8 62 2 
38 4000 8000 32 16 32 80 2 
38 8000 24000 160 4 8 281 3 
38 4000 16000 128 16 32 190 4 
200 1000 4000 0 1 4 25 2 
250 512 4000 0 1 7 24 2 
250 1000 16000 1 1 8 64 2 
160 512 2000 2 3 8 20 2 
160 1000 8000 16 1 14 43 2 
240 512 2000 8 1 5 22 1 
105 2000 6000 16 6 16 41 2 
52 4000 16000 32 4 12 99 3 
59 4000 12000 32 6 12 81 3 
59 8000 16000 64 12 24 149 3 
26 8000 24000 32 8 16 183 3 
26 8000 32000 64 12 16 275 4 
50 2000 32000 24 6 26 182 3 
50 2000 32000 48 26 52 227 4 
50 2000 32000 112 52 104 341 5 
50 4000 32000 112 52 104 360 5 
180 262 4000 0 1 3 24 1 
180 512 4000 0 1 3 24 1 
180 262 4000 0 1 3 24 1 
180 512 4000 0 1 3 24 2 
124 1000 8000 0 1 8 37 2 
98 1000 8000 32 2 8 50 2 
125 2000 8000 0 2 14 41 2 
480 512 8000 32 0 0 47 2 
480 1000 4000 0 0 0 25 2 
