165.0 99.0 9 0.0 0.0 0.88889056 0.47407392 0.7777786 0.47407353 93.40741 79.0 118.0 83.22222 -43.22222 73.77778 -30.555555 118.0 0.33041757 -2.2077565 SKY 
7.0 18.0 9 0.0 0.0 1.2777786 0.7296265 0.9444453 0.37407914 138.62962 133.33334 147.55556 135.0 -15.888889 26.777779 -10.888889 147.55556 0.096352234 -2.2146115 SKY 
143.0 24.0 9 0.0 0.0 1.2777773 0.9074056 0.88888806 1.1407489 127.62963 117.666664 141.66667 123.55556 -29.88889 42.11111 -12.222222 141.66667 0.16939692 -2.349252 SKY 
226.0 83.0 9 0.0 0.0 0.8888893 0.5185186 1.0555521 0.50740635 90.62963 74.55556 116.888885 80.44444 -48.22222 78.77778 -30.555555 116.888885 0.36206177 -2.2390528 SKY 
60.0 52.0 9 0.0 0.0 0.7222226 0.5963011 0.7777774 0.7407436 111.62963 101.0 129.22223 104.666664 -31.88889 52.77778 -20.88889 129.22223 0.21837935 -2.2296848 SKY 
112.0 30.0 9 0.0 0.0 0.55555725 0.2721644 1.2222227 0.7200825 113.25926 100.77778 130.11111 108.888885 -37.444443 50.555557 -13.111111 130.11111 0.22538376 -2.3853076 SKY 
252.0 201.0 9 0.0 0.0 4.6111107 5.495115 5.5555553 5.795274 40.296295 35.77778 49.0 36.11111 -13.555555 26.11111 -12.555555 49.0 0.2753682 -2.1758256 PATH 
88.0 180.0 9 0.0 0.0 1.4999994 0.93689823 3.833332 2.888675 50.407406 45.22222 62.333332 43.666668 -15.555555 35.77778 -20.222221 62.333332 0.3009182 -2.0087192 PATH 
124.0 191.0 9 0.0 0.0 3.5000007 2.7386136 3.277778 2.8001328 59.74074 52.88889 74.77778 51.555557 -20.555555 45.11111 -24.555555 74.77778 0.31361094 -2.03548 PATH 
112.0 197.0 9 0.0 0.0 4.2222233 2.9938211 4.9444447 3.1227946 50.333332 44.666668 62.22222 44.11111 -17.0 35.666668 -18.666666 62.22222 0.29632849 -2.0712209 PATH 
4.0 201.0 9 0.0 0.22222222 2.722222 1.6788458 5.2222214 3.1245742 53.703705 47.11111 67.22222 46.77778 -19.777779 40.555557 -20.777779 67.22222 0.30885938 -2.0752265 PATH 
167.0 189.0 9 0.0 0.0 3.7777774 2.2377224 3.7777774 1.544405 58.407406 51.333332 72.44444 51.444443 -21.222221 42.11111 -20.88889 72.44444 0.29552308 -2.1013258 PATH 
66.0 160.0 9 0.0 0.0 3.0000007 4.044447 2.777778 0.4296295 22.851852 18.222221 31.555555 18.777779 -13.888889 26.11111 -12.222222 31.555555 0.4260139 -2.1387258 CEMENT 
176.0 100.0 9 0.0 0.0 1.9444441 0.7740748 1.4444447 0.6518514 55.37037 50.333332 66.88889 48.88889 -15.111111 34.555557 -19.444445 66.88889 0.26862052 -2.00619 CEMENT 
14.0 146.0 9 0.11111111 0.0 0.888889 0.4740738 1.1111112 0.7407407 10.592592 8.0 15.666667 8.111112 -7.7777777 15.222222 -7.4444447 15.666667 0.48786426 -2.1089108 CEMENT 
162.0 159.0 9 0.0 0.0 2.1666667 0.9603238 2.2222223 1.4555128 26.11111 25.222221 29.555555 23.555555 -2.6666667 10.333333 -7.6666665 29.555555 0.20284556 -1.8025542 CEMENT 
163.0 68.0 9 0.0 0.0 1.833334 2.21111 1.5555559 0.96296287 56.77778 52.0 68.22222 50.11111 -14.333333 34.333332 -20.0 68.22222 0.26505277 -1.9843078 CEMENT 
140.0 73.0 9 0.0 0.0 1.7222214 0.8277598 0.7777774 1.0036957 46.296295 45.666668 51.11111 42.11111 -1.8888888 14.444445 -12.555555 51.11111 0.1761556 -1.6815889 CEMENT 
103.0 216.0 9 0.0 0.0 0.88888884 0.6518517 2.1666663 1.1444442 14.555555 10.888889 13.666667 19.11111 -11.0 -2.6666667 13.666667 19.11111 0.43169576 2.4475467 GRASS 
242.0 183.0 9 0.0 0.0 1.4999999 0.9368979 2.1666667 1.798147 15.37037 12.666667 12.444445 21.0 -8.111111 -8.777778 16.88889 21.0 0.42024404 2.0758736 GRASS 
117.0 224.0 9 0.0 0.0 3.0555556 2.5596585 3.0555556 3.0215273 20.25926 15.444445 17.777779 27.555555 -14.444445 -7.4444447 21.88889 27.555555 0.44151622 2.3041532 GRASS 
29.0 195.0 9 0.0 0.0 0.44444433 0.40368652 0.61111087 0.6804136 16.037037 14.444445 13.333333 20.333334 -4.7777777 -8.111111 12.888889 20.333334 0.34230694 1.9430399 GRASS 
93.0 236.0 9 0.11111111 0.0 1.7777777 2.6962965 1.9999999 0.93333334 12.518518 9.555555 10.777778 17.222223 -8.888889 -5.2222223 14.111111 17.222223 0.44724658 2.2671974 GRASS 
52.0 170.0 9 0.0 0.0 0.55555564 0.4554201 0.94444436 0.38968262 25.444445 20.11111 25.333334 30.88889 -16.0 -0.33333334 16.333334 30.88889 0.34911168 2.6040132 GRASS 
34.0 137.0 9 0.0 0.0 0.5000002 0.16666673 1.111111 0.47407418 5.851852 7.7777777 6.4444447 3.3333333 5.7777777 1.7777778 -7.5555553 7.7777777 0.57363313 -0.74427164 BRICKFACE 
23.0 55.0 9 0.0 0.0 2.2222216 3.6740727 1.7777773 0.7851852 23.444445 21.666666 31.11111 17.555555 -5.3333335 23.0 -17.666666 31.11111 0.43507022 -1.7711632 BRICKFACE 
120.0 136.0 9 0.0 0.0 0.61111116 0.4185187 1.0000001 0.4444444 6.259259 7.7777777 7.2222223 3.7777777 4.5555553 2.8888888 -7.4444447 8.0 0.52954143 -0.92460656 BRICKFACE 
138.0 116.0 9 0.0 0.0 0.6111111 0.15185188 0.4444445 0.20740739 6.4814816 7.5555553 8.222222 3.6666667 3.2222223 5.2222223 -8.444445 8.333334 0.5591711 -1.1910701 BRICKFACE 
22.0 116.0 9 0.0 0.0 0.38888875 0.10740741 0.33333325 0.13333334 5.6296296 6.7777777 7.0 3.1111112 3.4444444 4.111111 -7.5555553 7.3333335 0.57539684 -1.0996237 BRICKFACE 
33.0 149.0 9 0.0 0.0 0.5555556 0.25185165 0.72222227 0.15185171 5.4444447 4.111111 8.666667 3.5555556 -4.0 9.666667 -5.6666665 8.666667 0.5783389 -1.9857028 BRICKFACE 
18.0 87.0 9 0.0 0.0 1.5555555 1.9626132 1.8888887 1.7469552 2.925926 1.2222222 5.6666665 1.8888888 -5.111111 8.222222 -3.1111112 5.6666665 0.86277056 -2.2294934 FOLIAGE 
74.0 129.0 9 0.0 0.0 0.22222222 0.029629637 0.11111111 0.029629635 0.5185185 0.0 1.5555556 0.0 -1.5555556 3.1111112 -1.5555556 1.5555556 1.0 -2.0943952 FOLIAGE 
18.0 90.0 9 0.0 0.0 1.0555555 0.37407416 0.6666667 0.22222227 2.8148148 0.5555556 6.888889 1.0 -6.7777777 12.222222 -5.4444447 6.888889 0.9261464 -2.1643226 FOLIAGE 
59.0 99.0 9 0.0 0.0 0.77777785 0.8296297 0.99999994 0.3555556 2.0370371 0.11111111 5.5555553 0.44444445 -5.7777777 10.555555 -4.7777777 5.5555553 0.9861111 -2.149743 FOLIAGE 
226.0 110.0 9 0.0 0.0 0.33333334 0.08888887 0.49999997 0.2111111 1.6666666 0.11111111 4.4444447 0.44444445 -4.6666665 8.333333 -3.6666667 4.4444447 0.9777778 -2.1559837 FOLIAGE 
103.0 125.0 9 0.0 0.0 0.9444445 0.82775915 0.83333343 0.6912146 1.7777778 0.44444445 3.8888888 1.0 -4.0 6.3333335 -2.3333333 3.8888888 0.9238095 -2.2375617 FOLIAGE 
57.0 89.0 9 0.0 0.0 1.7222222 1.3066783 6.1666665 4.7034264 17.0 13.0 24.555555 13.444445 -12.0 22.666666 -10.666667 24.555555 0.47748852 -2.1297464 WINDOW 
96.0 94.0 9 0.0 0.0 0.7222226 0.28518537 0.44444466 0.42963016 20.222221 16.0 28.777779 15.888889 -12.666667 25.666666 -13.0 28.777779 0.45154575 -2.084893 WINDOW 
123.0 152.0 9 0.0 0.0 0.0 0.0 0.0 0.0 0.0 0.0 0.0 0.0 0.0 0.0 0.0 0.0 0.0 0.0 WINDOW 
184.0 145.0 9 0.0 0.0 0.72222227 0.6116159 0.22222222 0.2721655 0.5555556 0.33333334 1.2222222 0.11111111 -0.6666667 2.0 -1.3333334 1.2222222 0.5277778 -1.9209436 WINDOW 
58.0 113.0 9 0.0 0.0 3.4444447 1.2232318 0.7222223 0.38968182 20.851852 16.88889 28.444445 17.222223 -11.888889 22.777779 -10.888889 28.444445 0.4148072 -2.1256926 WINDOW 
160.0 110.0 9 0.0 0.0 0.833333 0.6912145 0.4444437 0.2721654 31.62963 27.222221 39.333336 28.333334 -13.222222 23.11111 -9.888889 39.333336 0.3074441 -2.1872416 WINDOW 
