21.0 90.0 9 0.0 0.0 0.66666794 0.044444147 0.7777786 0.56296283 113.48148 105.888885 128.55556 106.0 -22.777779 45.22222 -22.444445 128.55556 0.17969723 -2.0978148 SKY 
107.0 21.0 9 0.0 0.0 0.66666156 0.51639783 1.1666666 0.4082483 126.77778 115.77778 141.88889 122.666664 -33.0 45.333332 -12.333333 141.88889 0.18402189 -2.3703718 SKY 
179.0 101.0 9 0.0 0.0 0.44444785 0.3851871 0.61110944 0.32963282 134.92592 126.44444 147.22223 131.11111 -25.444445 36.88889 -11.444445 147.22223 0.14110672 -2.3287346 SKY 
174.0 50.0 9 0.0 0.0 1.0000013 0.7601153 0.9444453 0.9525792 107.44444 94.666664 125.77778 101.888885 -38.333332 55.0 -16.666666 125.77778 0.2473368 -2.3372955 SKY 
67.0 71.0 9 0.0 0.0 1.6666666 0.8888911 1.4999987 0.29999846 125.96296 115.55556 140.88889 121.44444 -31.222221 44.77778 -13.555555 140.88889 0.17967218 -2.339758 SKY 
67.0 32.0 9 0.0 0.0 0.944444 1.0628421 1.7777786 1.3109215 126.22222 115.111115 142.22223 121.333336 -33.333332 48.0 -14.666667 142.22223 0.19062504 -2.333746 SKY 
223.0 161.0 9 0.0 0.0 1.3888893 3.040736 8.999999 31.022234 42.037037 36.0 52.22222 37.88889 -18.11111 30.555555 -12.444445 52.22222 0.30841646 -2.282295 PATH 
151.0 163.0 9 0.0 0.0 2.0555556 2.2851863 18.166666 41.988934 40.0 34.555557 48.0 37.444443 -16.333334 24.0 -7.6666665 48.11111 0.2638465 -2.5174901 PATH 
235.0 196.0 9 0.0 0.0 1.6666666 1.333334 2.222222 1.1482682 47.25926 41.77778 58.555557 41.444443 -16.444445 33.88889 -17.444445 58.555557 0.29423782 -2.0746155 PATH 
244.0 194.0 9 0.0 0.0 1.722222 1.14342 2.277778 2.03761 49.74074 44.444443 61.666668 43.11111 -15.888889 35.77778 -19.88889 61.666668 0.30085307 -2.0218375 PATH 
229.0 195.0 9 0.0 0.0 4.166666 2.2779152 4.111111 2.2476342 47.703705 42.444443 58.88889 41.77778 -15.777778 33.555557 -17.777779 58.88889 0.29027814 -2.0527046 PATH 
118.0 180.0 9 0.0 0.0 1.9444447 1.4819913 3.1111114 1.0886629 48.555557 44.11111 59.0 42.555557 -13.333333 31.333334 -18.0 59.0 0.27882218 -1.9960423 PATH 
191.0 101.0 9 0.0 0.0 1.111112 0.7793635 1.1111113 1.186342 45.037037 39.0 57.11111 39.0 -18.11111 36.22222 -18.11111 57.11111 0.32273299 -2.0943027 CEMENT 
130.0 32.0 9 0.0 0.0 1.1111113 1.047041 0.83333397 0.83665866 59.48148 54.22222 70.88889 53.333332 -15.777778 34.22222 -18.444445 70.88889 0.24900064 -2.042422 CEMENT 
187.0 80.0 9 0.0 0.0 1.3333327 0.7111114 1.3333334 0.7111086 40.51852 37.77778 47.666668 36.11111 -8.222222 21.444445 -13.222222 47.666668 0.24472968 -1.942698 CEMENT 
112.0 90.0 9 0.0 0.0 7.38889 6.9455557 1.2777773 0.87981415 65.18519 57.666668 79.77778 58.11111 -22.555555 43.77778 -21.222221 79.77778 0.27834544 -2.108813 CEMENT 
141.0 17.0 9 0.11111111 0.22222222 3.7222226 4.4493027 5.0 2.319004 44.592594 40.333336 54.0 39.444443 -12.777778 28.222221 -15.444445 54.0 0.26818594 -2.030048 CEMENT 
169.0 102.0 9 0.0 0.0 1.0 0.35555485 0.8888893 0.2962955 58.22222 53.444443 69.66667 51.555557 -14.333333 34.333332 -20.0 69.66667 0.25975996 -1.9855843 CEMENT 
163.0 166.0 9 0.0 0.0 1.7777776 1.0962971 2.444445 1.0518519 16.962963 12.333333 16.333334 22.222221 -13.888889 -1.8888888 15.777778 22.222221 0.4462137 2.5158255 GRASS 
232.0 175.0 9 0.0 0.0 1.1666669 0.62360954 2.8333333 2.1679492 15.37037 12.444445 13.555555 20.11111 -8.777778 -5.4444447 14.222222 20.11111 0.38741234 2.2421958 GRASS 
72.0 191.0 9 0.11111111 0.0 1.2777777 0.5074075 3.1111114 4.6074066 15.185185 12.111111 14.888889 18.555555 -9.222222 -0.8888889 10.111111 18.555555 0.3503698 2.545329 GRASS 
237.0 191.0 9 0.0 0.0 1.0 0.31111106 1.5 1.0111109 7.3333335 5.3333335 5.4444447 11.222222 -6.0 -5.6666665 11.666667 11.222222 0.5358197 2.1224225 GRASS 
186.0 218.0 9 0.0 0.0 1.1666666 0.74444425 1.1666665 0.65555507 13.703704 10.666667 12.666667 17.777779 -9.111111 -3.1111112 12.222222 17.777779 0.40134683 2.3826835 GRASS 
208.0 240.0 9 0.11111111 0.0 1.0555557 0.86296326 2.4444444 5.007407 14.148149 10.888889 13.0 18.555555 -9.777778 -3.4444444 13.222222 18.555555 0.42162097 2.3924873 GRASS 
14.0 110.0 9 0.0 0.0 1.7222224 5.3518505 2.6666667 1.0222229 17.925926 18.88889 21.444445 13.444445 2.8888888 10.555555 -13.444445 21.444445 0.36884832 -1.3450956 BRICKFACE 
23.0 85.0 9 0.0 0.0 1.4444445 1.0518525 1.777778 0.96296287 17.962963 18.88889 21.88889 13.111111 2.7777777 11.777778 -14.555555 21.88889 0.39975148 -1.386867 BRICKFACE 
121.0 60.0 9 0.0 0.0 2.277778 2.329629 2.888889 2.8740742 26.74074 24.666666 35.22222 20.333334 -6.2222223 25.444445 -19.222221 35.22222 0.4223002 -1.776113 BRICKFACE 
96.0 84.0 9 0.0 0.0 1.5000004 1.2777773 1.6111107 2.2851882 23.851852 23.555555 30.0 18.0 -0.8888889 18.444445 -17.555555 30.0 0.39879107 -1.598867 BRICKFACE 
18.0 138.0 9 0.0 0.0 0.88888884 0.5629629 0.83333325 0.29999986 5.740741 7.3333335 6.5555553 3.3333333 4.7777777 2.4444444 -7.2222223 7.3333335 0.5438712 -0.8621077 BRICKFACE 
121.0 113.0 9 0.0 0.0 1.722222 1.5296303 2.944444 1.5296295 20.25926 20.0 25.444445 15.333333 -0.7777778 15.555555 -14.777778 25.444445 0.39658895 -1.5856091 BRICKFACE 
140.0 124.0 9 0.0 0.0 1.0 0.44444454 1.1111112 1.0518516 2.5185184 0.22222222 6.111111 1.2222222 -6.888889 10.777778 -3.8888888 6.111111 0.97376543 -2.267462 FOLIAGE 
45.0 108.0 9 0.0 0.11111111 25.5 12.795401 27.277779 15.930981 49.814816 41.77778 61.11111 46.555557 -24.11111 33.88889 -9.777778 61.11111 0.35897508 -2.3604913 FOLIAGE 
231.0 124.0 9 0.0 0.0 3.4444447 14.962965 1.8333334 6.4333353 3.0 1.4444444 5.888889 1.6666666 -4.6666665 8.666667 -4.0 5.888889 0.895369 -2.118937 FOLIAGE 
230.0 124.0 9 0.0 0.0 0.2777778 0.10740743 0.2777778 0.15185183 0.6666667 0.0 2.0 0.0 -2.0 4.0 -2.0 2.0 1.0 -2.0943952 FOLIAGE 
59.0 120.0 9 0.0 0.0 2.1666667 1.9860634 1.4444441 1.8698385 19.074074 10.555555 33.11111 13.555555 -25.555555 42.11111 -16.555555 33.11111 0.6812664 -2.2312608 FOLIAGE 
127.0 143.0 9 0.0 0.0 1.5 0.12222214 0.88888884 0.60740745 4.185185 0.8888889 9.444445 2.2222223 -9.888889 15.777778 -5.888889 9.444445 0.915376 -2.2574124 FOLIAGE 
196.0 95.0 9 0.0 0.0 1.722222 1.1238165 1.3333335 1.264911 7.6296296 6.7777777 10.777778 5.3333335 -2.5555556 9.444445 -6.888889 10.777778 0.51256585 -1.7492584 WINDOW 
223.0 62.0 9 0.0 0.0 0.3333334 0.29814243 0.44444442 0.50184846 6.4444447 4.111111 11.444445 3.7777777 -7.0 15.0 -8.0 11.444445 0.6703704 -2.0487173 WINDOW 
160.0 41.0 9 0.0 0.0 0.8333333 0.8096638 0.22222225 0.17213258 0.7037037 0.5555556 1.2222222 0.33333334 -0.44444445 1.5555556 -1.1111112 1.2222222 0.537037 -1.8451205 WINDOW 
142.0 111.0 9 0.0 0.0 1.1111113 0.45541987 0.55555534 0.34426492 28.74074 24.555555 35.88889 25.777779 -12.555555 21.444445 -8.888889 35.88889 0.31548372 -2.2026672 WINDOW 
206.0 61.0 9 0.0 0.0 0.5555555 0.40368673 0.4999999 0.45946813 7.0740743 4.666667 12.222222 4.3333335 -7.2222223 15.444445 -8.222222 12.222222 0.64589113 -2.0487173 WINDOW 
207.0 115.0 9 0.0 0.0 1.0555555 0.3296295 0.16666669 0.033333343 1.2222222 0.44444445 2.8888888 0.33333334 -2.3333333 5.0 -2.6666667 2.8888888 0.93333334 -2.0655363 WINDOW 
