80.0 116.0 9 0.0 0.0 1.5 1.6333328 1.5555557 0.87407404 21.703703 21.222221 27.555555 16.333334 -1.4444444 17.555555 -16.11111 27.555555 0.40736422 -1.6322426 BRICKFACE 
229.0 124.0 9 0.0 0.0 0.888889 0.074073985 0.8888889 0.3407407 5.888889 7.111111 7.111111 3.4444444 3.6666667 3.6666667 -7.3333335 7.5555553 0.5458554 -1.0376626 BRICKFACE 
80.0 95.0 9 0.0 0.0 1.2222223 1.0074079 0.944444 0.5518514 21.407408 21.333334 26.666666 16.222223 -0.22222222 15.777778 -15.555555 26.666666 0.39043593 -1.5673273 BRICKFACE 
145.0 102.0 9 0.0 0.0 0.88888866 0.6074083 2.611111 1.4851857 23.074074 22.11111 29.777779 17.333334 -2.8888888 20.11111 -17.222221 29.777779 0.41776258 -1.6854404 BRICKFACE 
138.0 133.0 9 0.0 0.0 0.6666667 0.44444433 1.1666666 0.21111093 6.4444447 7.7777777 7.888889 3.6666667 4.0 4.3333335 -8.333333 8.222222 0.5582011 -1.0776595 BRICKFACE 
95.0 57.0 9 0.0 0.0 1.8333327 3.4111106 2.1111107 1.7185175 26.296297 24.666666 34.444447 19.777779 -4.888889 24.444445 -19.555555 34.444447 0.42569095 -1.7390174 BRICKFACE 
152.0 18.0 9 0.0 0.0 0.7777774 0.4554219 0.55555725 0.2721644 112.111115 97.22222 130.44444 108.666664 -44.666668 55.0 -10.333333 130.44444 0.2546684 -2.45498 SKY 
93.0 29.0 9 0.0 0.0 1.2222239 1.2296363 1.3888906 1.5740819 128.48148 119.0 142.77777 123.666664 -28.444445 42.88889 -14.444445 142.77777 0.16648434 -2.2977605 SKY 
103.0 64.0 9 0.0 0.0 0.6666667 0.6992054 1.3333308 0.91893595 108.77778 96.333336 126.22222 103.77778 -37.333332 52.333332 -15.0 126.22222 0.2367968 -2.3554425 SKY 
80.0 40.0 9 0.0 0.0 0.6111107 0.5741323 0.7222226 0.7722025 110.703705 96.22222 129.0 106.888885 -43.444443 54.88889 -11.444445 129.0 0.2540513 -2.4346924 SKY 
92.0 56.0 9 0.0 0.0 0.44444275 0.029629406 0.8333333 0.5666677 126.0 115.888885 140.66667 121.44444 -30.333334 44.0 -13.666667 140.66667 0.17606053 -2.3267827 SKY 
125.0 46.0 9 0.11111111 0.0 0.61110944 0.61161584 2.166668 0.7817352 124.55556 112.77778 141.0 119.888885 -35.333332 49.333332 -14.0 141.0 0.20012376 -2.357688 SKY 
36.0 145.0 9 0.0 0.0 0.2777778 0.19629629 1.2777778 2.0629628 0.8518519 0.33333334 1.4444444 0.7777778 -1.5555556 1.7777778 -0.22222222 1.4444444 0.25185186 -2.5309503 FOLIAGE 
67.0 136.0 9 0.0 0.0 6.722223 3.7083488 2.6666667 3.1972213 15.518518 9.0 25.333334 12.222222 -19.555555 29.444445 -9.888889 25.333334 0.66081303 -2.3075109 FOLIAGE 
1.0 81.0 9 0.0 0.0 12.166667 267.45554 9.222222 205.36296 21.333334 14.0 30.555555 19.444445 -22.0 27.666666 -5.6666665 30.555555 0.5952822 -2.438409 FOLIAGE 
58.0 109.0 9 0.0 0.0 0.8888889 0.25185165 2.8333333 1.677777 4.296296 1.4444444 8.444445 3.0 -8.555555 12.444445 -3.8888888 8.444445 0.8644824 -2.2837873 FOLIAGE 
140.0 125.0 9 0.0 0.0 0.66666657 0.22222227 2.6666667 3.7777781 3.925926 1.5555556 7.7777777 2.4444444 -7.111111 11.555555 -4.4444447 7.7777777 0.85319865 -2.2342408 FOLIAGE 
23.0 129.0 9 0.0 0.0 0.5 0.077777795 0.38888887 0.15185186 0.5185185 0.0 1.5555556 0.0 -1.5555556 3.1111112 -1.5555556 1.5555556 0.7777778 -2.0943952 FOLIAGE 
42.0 57.0 9 0.0 0.0 1.3888906 0.97562754 0.99999875 0.36514837 65.703705 59.444443 79.44444 58.22222 -18.777779 41.22222 -22.444445 79.44444 0.26677614 -2.0307028 CEMENT 
150.0 158.0 9 0.0 0.0 2.166667 1.6333338 1.388889 0.41851807 8.444445 7.0 12.222222 6.111111 -4.3333335 11.333333 -7.0 12.222222 0.50308645 -1.9434487 CEMENT 
236.0 117.0 9 0.0 0.0 0.7777786 0.40368706 1.277778 0.74286777 45.88889 39.555557 58.444443 39.666668 -19.0 37.666668 -18.666666 58.444443 0.33047688 -2.0994802 CEMENT 
197.0 121.0 9 0.0 0.0 21.666666 17.3628 0.94444436 0.9047208 41.037037 37.444443 49.444443 36.22222 -10.777778 25.222221 -14.444445 49.444443 0.28057775 -1.9955361 CEMENT 
79.0 28.0 9 0.0 0.0 4.277777 3.7618961 0.8333333 0.6582806 62.407406 53.444443 79.111115 54.666668 -26.88889 50.11111 -23.222221 79.111115 0.32455578 -2.1445074 CEMENT 
208.0 65.0 9 0.0 0.0 1.3888874 1.2367799 26.444445 25.537477 56.703705 52.666668 64.44444 53.0 -12.111111 23.222221 -11.111111 64.44444 0.19713038 -1.9708116 CEMENT 
208.0 34.0 9 0.0 0.0 1.7222224 1.7309811 0.4444445 0.50184834 14.444445 10.777778 21.0 11.555555 -11.0 19.666666 -8.666667 21.0 0.479958 -2.1623826 WINDOW 
225.0 58.0 9 0.0 0.0 0.3333335 0.42163706 0.4444445 0.34426522 8.333333 5.5555553 14.111111 5.3333335 -8.333333 17.333334 -9.0 14.111111 0.62222224 -2.0685637 WINDOW 
186.0 12.0 9 0.0 0.0 0.44444433 0.27216548 2.3333333 1.9663839 6.259259 3.8888888 11.333333 3.5555556 -7.111111 15.222222 -8.111111 11.333333 0.6873016 -2.057978 WINDOW 
252.0 137.0 9 0.0 0.0 0.88888884 0.544331 0.6111111 0.71232533 0.7407407 0.33333334 1.7777778 0.11111111 -1.2222222 3.1111112 -1.8888888 1.7777778 0.75 -2.0076063 WINDOW 
239.0 93.0 9 0.0 0.0 3.444444 13.496301 1.0555555 0.86296237 14.407408 9.888889 22.88889 10.444445 -13.555555 25.444445 -11.888889 22.88889 0.57700235 -2.1374934 WINDOW 
90.0 134.0 9 0.0 0.0 0.38888887 0.018518528 0.94444436 0.1518523 2.1111112 1.0 4.666667 0.6666667 -3.3333333 7.6666665 -4.3333335 4.666667 0.88148147 -2.0131435 WINDOW 
198.0 183.0 9 0.0 0.0 1.0555547 1.1816497 3.3888881 1.5974506 54.037037 48.88889 66.55556 46.666668 -15.444445 37.555557 -22.11111 66.55556 0.2986217 -1.9749589 PATH 
137.0 182.0 9 0.0 0.0 1.8333334 3.8555553 3.6111107 9.218522 34.925926 31.444445 42.88889 30.444445 -10.444445 23.88889 -13.444445 42.88889 0.28575617 -2.0011246 PATH 
250.0 176.0 9 0.0 0.11111111 1.611112 1.0628399 3.444444 1.6953092 53.666668 47.11111 67.66667 46.22222 -19.666666 42.0 -22.333334 67.66667 0.3181372 -2.0522583 PATH 
178.0 185.0 9 0.0 0.0 2.6111119 1.8063676 3.1111114 2.2771008 49.037037 44.0 60.666668 42.444443 -15.111111 34.88889 -19.777779 60.666668 0.30003616 -2.006186 PATH 
5.0 210.0 9 0.0 0.11111111 2.1666672 1.6699982 4.444444 2.613356 51.296295 45.444443 64.333336 44.11111 -17.555555 39.11111 -21.555555 64.333336 0.3175664 -2.0208955 PATH 
86.0 193.0 9 0.0 0.0 3.2777793 1.6521593 2.222222 1.8094397 61.407406 53.666668 76.55556 54.0 -23.222221 45.444443 -22.222221 76.55556 0.29957896 -2.1093748 PATH 
57.0 177.0 9 0.0 0.0 0.94444495 0.55185163 1.4444443 1.71852 19.592592 15.777778 18.444445 24.555555 -11.444445 -3.4444444 14.888889 24.555555 0.3589904 2.413262 GRASS 
63.0 201.0 9 0.0 0.0 1.4444445 0.9185186 0.94444424 0.5518518 7.7777777 6.2222223 5.5555553 11.555555 -4.6666665 -6.6666665 11.333333 11.555555 0.54320127 1.9829868 GRASS 
233.0 184.0 9 0.0 0.0 0.5000002 0.077777766 0.7777777 0.785185 11.851851 9.777778 9.888889 15.888889 -6.2222223 -5.888889 12.111111 15.888889 0.40555555 2.1286457 GRASS 
36.0 243.0 9 0.11111111 0.0 1.888889 1.8518513 2.0 0.7111104 13.333333 9.888889 12.111111 18.0 -10.333333 -3.6666667 14.0 18.0 0.4522286 2.3683105 GRASS 
197.0 236.0 9 0.0 0.0 2.4444444 6.829628 3.3333333 7.599998 16.074074 13.111111 16.666668 18.444445 -8.888889 1.7777778 7.111111 18.555555 0.29272884 2.7898002 GRASS 
223.0 185.0 9 0.0 0.0 0.5 0.34960312 2.3888886 2.0807757 12.962963 11.555555 9.777778 17.555555 -4.2222223 -9.555555 13.777778 17.555555 0.44541803 1.8388497 GRASS 
