0.76 0.71 0.48 0.50 0.50 0.71 0.75 imU 
0.63 0.42 0.48 0.50 0.48 0.77 0.80 imU 
0.87 0.49 0.48 0.50 0.61 0.76 0.79 imU 
0.76 0.41 0.48 0.50 0.50 0.59 0.62 imU 
0.73 0.26 0.48 0.50 0.57 0.75 0.78 imU 
0.73 0.78 0.48 0.50 0.58 0.51 0.31 pp 
0.71 0.71 0.48 0.50 0.40 0.54 0.39 pp 
0.74 0.82 0.48 0.50 0.49 0.49 0.41 pp 
0.71 0.86 0.48 0.50 0.40 0.54 0.32 pp 
0.75 0.84 0.48 0.50 0.35 0.52 0.33 pp 
0.64 0.66 0.48 0.50 0.41 0.39 0.20 pp 
0.66 0.71 0.48 0.50 0.41 0.50 0.35 pp 
0.68 0.67 0.48 0.50 0.49 0.40 0.34 pp 
0.62 0.78 0.48 0.50 0.47 0.49 0.54 pp 
0.23 0.48 0.48 0.50 0.59 0.88 0.89 im 
0.12 0.67 0.48 0.50 0.74 0.58 0.63 im 
0.31 0.50 0.48 0.50 0.57 0.84 0.85 im 
0.50 0.37 0.48 0.50 0.66 0.64 0.69 im 
0.34 0.51 0.48 0.50 0.67 0.90 0.90 im 
0.61 0.52 0.48 0.50 0.54 0.67 0.52 im 
0.63 0.65 0.48 0.50 0.66 0.67 0.71 im 
0.34 0.67 0.48 0.50 0.52 0.76 0.79 im 
0.59 0.56 0.48 0.50 0.55 0.80 0.82 im 
0.50 0.57 0.48 0.50 0.71 0.61 0.66 im 
0.37 0.47 0.48 0.50 0.39 0.76 0.79 im 
0.36 0.47 0.48 0.50 0.51 0.69 0.72 im 
0.59 0.49 0.48 0.50 0.52 0.45 0.36 cp 
0.25 0.48 0.48 0.50 0.44 0.17 0.29 cp 
0.41 0.57 0.48 0.50 0.39 0.21 0.32 cp 
0.21 0.51 0.48 0.50 0.50 0.32 0.41 cp 
0.36 0.54 0.48 0.50 0.41 0.38 0.46 cp 
0.28 0.38 0.48 0.50 0.50 0.33 0.42 cp 
0.29 0.30 0.48 0.50 0.45 0.03 0.17 cp 
0.40 0.35 0.48 0.50 0.45 0.33 0.42 cp 
0.52 0.36 0.48 0.50 0.41 0.28 0.38 cp 
0.24 0.43 0.48 0.50 0.54 0.52 0.59 cp 
0.44 0.42 0.48 0.50 0.42 0.25 0.20 cp 
0.41 0.48 0.48 0.50 0.51 0.44 0.51 cp 
0.41 0.43 0.48 0.50 0.45 0.31 0.41 cp 
0.50 0.51 0.48 0.50 0.27 0.23 0.34 cp 
0.34 0.46 0.48 0.50 0.52 0.35 0.44 cp 
0.41 0.43 0.48 0.50 0.50 0.24 0.25 cp 
0.31 0.47 0.48 0.50 0.29 0.28 0.39 cp 
0.35 0.37 0.48 0.50 0.30 0.34 0.43 cp 
0.38 0.40 0.48 0.50 0.63 0.25 0.35 cp 
0.38 0.26 0.48 0.50 0.54 0.16 0.28 cp 
0.24 0.34 0.48 0.50 0.38 0.30 0.40 cp 
0.44 0.49 0.48 0.50 0.39 0.38 0.40 cp 
0.49 0.43 0.48 0.50 0.49 0.30 0.40 cp 
0.32 0.33 0.48 0.50 0.60 0.06 0.20 cp 
0.74 0.78 0.48 0.50 0.75 0.54 0.15 om 
0.65 0.51 0.48 0.50 0.66 0.54 0.33 om 
0.64 0.57 0.48 0.50 0.70 0.33 0.26 om 
