0.72 0.42 0.48 0.50 0.65 0.77 0.79 imU 
0.83 0.48 0.48 0.50 0.65 0.76 0.79 imU 
0.79 0.36 0.48 0.50 0.46 0.82 0.70 imU 
0.64 0.46 0.48 0.50 0.48 0.73 0.76 imU 
0.84 0.49 0.48 0.50 0.55 0.78 0.74 imU 
0.74 0.49 0.48 0.50 0.42 0.54 0.36 pp 
0.66 0.86 0.48 0.50 0.34 0.41 0.36 pp 
0.65 0.57 0.48 0.50 0.47 0.47 0.51 pp 
0.67 0.70 0.48 0.50 0.46 0.45 0.33 pp 
0.67 0.61 0.48 0.50 0.51 0.37 0.38 pp 
0.57 0.59 0.48 0.50 0.39 0.47 0.33 pp 
0.66 0.74 0.48 0.50 0.31 0.38 0.43 pp 
0.64 0.72 0.48 0.50 0.49 0.42 0.19 pp 
0.63 0.57 0.48 0.50 0.49 0.70 0.20 pp 
0.06 0.61 0.48 0.50 0.49 0.92 0.37 im 
0.63 0.47 0.48 0.50 0.51 0.82 0.84 im 
0.34 0.49 0.48 0.50 0.58 0.85 0.80 im 
0.46 0.61 0.48 0.50 0.48 0.86 0.87 im 
0.52 0.39 0.48 0.50 0.65 0.71 0.73 im 
0.55 0.47 0.48 0.50 0.57 0.78 0.80 im 
0.40 0.50 0.48 0.50 0.65 0.82 0.84 im 
0.54 0.49 0.48 0.50 0.40 0.87 0.88 im 
0.50 0.66 0.48 0.50 0.31 0.92 0.92 im 
0.47 0.55 0.48 0.50 0.58 0.71 0.75 im 
0.64 0.58 0.48 0.50 0.48 0.78 0.73 im 
0.47 0.59 0.48 0.50 0.52 0.76 0.79 im 
0.49 0.42 0.48 0.50 0.53 0.79 0.81 im 
0.74 0.44 0.48 0.50 0.55 0.88 0.89 im 
0.49 0.29 0.48 0.50 0.56 0.24 0.35 cp 
0.56 0.40 0.48 0.50 0.49 0.37 0.46 cp 
0.23 0.32 0.48 0.50 0.55 0.25 0.35 cp 
0.29 0.28 0.48 0.50 0.44 0.23 0.34 cp 
0.20 0.44 0.48 0.50 0.46 0.51 0.57 cp 
0.42 0.24 0.48 0.50 0.57 0.27 0.37 cp 
0.39 0.32 0.48 0.50 0.46 0.24 0.35 cp 
0.22 0.43 0.48 0.50 0.48 0.16 0.28 cp 
0.34 0.45 0.48 0.50 0.38 0.24 0.35 cp 
0.23 0.40 0.48 0.50 0.39 0.28 0.38 cp 
0.40 0.45 0.48 0.50 0.38 0.22 0.00 cp 
0.51 0.54 0.48 0.50 0.41 0.34 0.43 cp 
0.36 0.39 0.48 0.50 0.48 0.22 0.23 cp 
0.25 0.40 0.48 0.50 0.47 0.33 0.42 cp 
0.43 0.37 0.48 0.50 0.53 0.35 0.44 cp 
0.53 0.38 0.48 0.50 0.44 0.26 0.36 cp 
0.56 0.51 0.48 0.50 0.34 0.37 0.46 cp 
0.24 0.35 0.48 0.50 0.31 0.19 0.31 cp 
0.29 0.52 0.48 0.50 0.42 0.29 0.39 cp 
0.32 0.42 0.48 0.50 0.35 0.28 0.38 cp 
0.33 0.45 0.48 0.50 0.52 0.32 0.41 cp 
0.40 0.50 0.48 0.50 0.45 0.39 0.47 cp 
0.61 0.45 0.48 0.50 0.48 0.35 0.41 cp 
0.44 0.35 0.48 0.50 0.55 0.55 0.61 cp 
0.42 0.35 0.48 0.50 0.58 0.15 0.27 cp 
0.37 0.52 0.48 0.50 0.42 0.42 0.36 cp 
0.22 0.36 0.48 0.50 0.35 0.39 0.47 cp 
0.47 0.47 0.48 0.50 0.22 0.16 0.26 cp 
0.78 0.68 0.48 0.50 0.83 0.40 0.29 om 
0.67 0.88 0.48 0.50 0.73 0.50 0.25 om 
0.67 0.84 0.48 0.50 0.74 0.54 0.37 om 
0.73 0.84 0.48 0.50 0.86 0.58 0.29 om 
