0.84 0.54 0.48 0.50 0.75 0.92 0.70 imU 
0.86 0.55 0.48 0.50 0.63 0.81 0.83 imU 
0.67 0.81 0.48 0.50 0.54 0.49 0.23 pp 
0.63 0.83 0.48 0.50 0.40 0.39 0.19 pp 
0.69 0.67 0.48 0.50 0.30 0.39 0.24 pp 
0.64 0.81 0.48 0.50 0.37 0.39 0.44 pp 
0.69 0.66 0.48 0.50 0.41 0.50 0.25 pp 
0.71 0.57 0.48 0.50 0.48 0.35 0.32 pp 
0.27 0.35 0.48 0.50 0.51 0.77 0.79 im 
0.54 0.57 0.48 0.50 0.56 0.81 0.83 im 
0.60 0.61 0.48 0.50 0.54 0.67 0.71 im 
0.20 0.46 0.48 0.50 0.57 0.78 0.81 im 
0.33 0.37 0.48 0.50 0.46 0.65 0.69 im 
0.60 0.46 0.48 0.50 0.45 0.81 0.83 im 
0.39 0.41 0.48 0.50 0.52 0.72 0.75 im 
0.31 0.44 0.48 0.50 0.50 0.79 0.82 im 
0.48 0.49 0.48 0.50 0.52 0.77 0.71 im 
0.31 0.36 0.48 0.50 0.58 0.94 0.94 im 
0.46 0.59 0.48 0.50 0.36 0.76 0.23 im 
0.00 0.51 0.48 0.50 0.35 0.67 0.44 im 
0.21 0.34 0.48 0.50 0.51 0.28 0.39 cp 
0.30 0.16 0.48 0.50 0.56 0.11 0.23 cp 
0.38 0.46 0.48 0.50 0.48 0.22 0.29 cp 
0.54 0.47 0.48 0.50 0.28 0.33 0.42 cp 
0.18 0.30 0.48 0.50 0.46 0.24 0.35 cp 
0.44 0.51 0.48 0.50 0.47 0.26 0.36 cp 
0.40 0.46 0.48 0.50 0.52 0.49 0.56 cp 
0.53 0.42 0.48 0.50 0.16 0.29 0.39 cp 
0.30 0.45 0.48 0.50 0.36 0.21 0.32 cp 
0.24 0.57 0.48 0.50 0.63 0.34 0.43 cp 
0.26 0.50 0.48 0.50 0.44 0.32 0.41 cp 
0.47 0.28 0.48 0.50 0.56 0.20 0.25 cp 
0.35 0.34 0.48 0.50 0.46 0.30 0.27 cp 
0.38 0.44 0.48 0.50 0.43 0.20 0.31 cp 
0.34 0.42 0.48 0.50 0.41 0.34 0.43 cp 
0.25 0.26 0.48 0.50 0.39 0.32 0.42 cp 
0.17 0.39 0.48 0.50 0.53 0.30 0.39 cp 
0.61 0.36 0.48 0.50 0.49 0.35 0.44 cp 
0.28 0.33 0.48 0.50 0.45 0.22 0.33 cp 
0.23 0.34 0.48 0.50 0.43 0.26 0.37 cp 
0.00 0.38 0.48 0.50 0.42 0.48 0.55 cp 
0.30 0.44 0.48 0.50 0.49 0.22 0.33 cp 
0.17 0.52 0.48 0.50 0.49 0.37 0.46 cp 
0.30 0.37 0.48 0.50 0.43 0.18 0.30 cp 
0.40 0.41 0.48 0.50 0.55 0.22 0.33 cp 
0.75 0.76 0.48 0.50 0.83 0.57 0.30 om 
0.52 0.81 0.48 0.50 0.72 0.38 0.38 om 
0.69 0.59 0.48 0.50 0.77 0.39 0.21 om 
