0.79 0.41 0.48 0.50 0.66 0.81 0.83 imU 
0.78 0.33 0.48 0.50 0.57 0.77 0.79 imU 
0.66 0.48 0.48 0.50 0.54 0.70 0.74 imU 
0.77 0.55 0.48 0.50 0.51 0.78 0.74 imU 
0.58 0.60 0.48 0.50 0.59 0.73 0.76 imU 
0.62 0.42 0.48 0.50 0.58 0.79 0.81 imU 
0.81 0.53 0.48 0.50 0.57 0.87 0.88 imU 
0.70 0.61 0.48 0.50 0.56 0.52 0.43 pp 
0.72 0.86 0.48 0.50 0.17 0.55 0.21 pp 
0.63 1.00 0.48 0.50 0.35 0.51 0.49 pp 
0.67 0.81 0.48 0.50 0.25 0.42 0.25 pp 
0.70 0.64 0.48 0.50 0.47 0.51 0.47 pp 
0.63 0.86 0.48 0.50 0.39 0.47 0.34 pp 
0.63 0.71 0.48 0.50 0.60 0.40 0.39 pp 
0.68 0.78 0.48 0.50 0.43 0.44 0.42 pp 
0.74 0.47 0.48 0.50 0.50 0.57 0.42 pp 
0.63 0.65 0.48 0.50 0.39 0.44 0.35 pp 
0.44 0.52 0.48 0.50 0.43 0.47 0.54 im 
0.43 0.40 0.48 0.50 0.58 0.75 0.78 im 
0.29 0.47 0.48 0.50 0.71 0.65 0.69 im 
0.73 0.36 0.48 0.50 0.53 0.91 0.92 im 
0.48 0.41 0.48 0.50 0.51 0.90 0.88 im 
0.33 0.56 0.48 0.50 0.33 0.78 0.80 im 
0.63 0.50 0.48 0.50 0.59 0.85 0.86 im 
0.33 0.45 0.48 0.50 0.45 0.88 0.89 im 
0.71 0.40 0.48 0.50 0.71 0.70 0.74 im 
0.66 0.53 0.48 0.50 0.59 0.66 0.66 im 
0.83 0.37 0.48 0.50 0.61 0.71 0.74 im 
0.63 0.54 0.48 0.50 0.65 0.79 0.81 im 
0.60 0.50 1.00 0.50 0.54 0.77 0.80 im 
0.74 0.70 0.48 0.50 0.66 0.65 0.69 im 
0.89 0.55 0.48 0.50 0.51 0.72 0.76 im 
0.70 0.39 1.00 0.50 0.51 0.82 0.84 imL 
0.07 0.40 0.48 0.50 0.54 0.35 0.44 cp 
0.67 0.39 0.48 0.50 0.36 0.38 0.46 cp 
0.42 0.40 0.48 0.50 0.56 0.18 0.30 cp 
0.51 0.50 0.48 0.50 0.46 0.32 0.35 cp 
0.44 0.27 0.48 0.50 0.55 0.52 0.58 cp 
0.31 0.23 0.48 0.50 0.73 0.05 0.14 cp 
0.29 0.37 0.48 0.50 0.48 0.44 0.52 cp 
0.43 0.39 0.48 0.50 0.47 0.31 0.41 cp 
0.40 0.29 0.48 0.50 0.42 0.35 0.44 cp 
0.65 0.47 0.48 0.50 0.59 0.30 0.40 cp 
0.30 0.37 0.48 0.50 0.59 0.41 0.49 cp 
0.17 0.38 0.48 0.50 0.45 0.42 0.50 cp 
0.23 0.33 0.48 0.50 0.43 0.33 0.43 cp 
0.23 0.58 0.48 0.50 0.37 0.53 0.59 cp 
0.51 0.37 0.48 0.50 0.35 0.36 0.45 cp 
0.44 0.34 0.48 0.50 0.30 0.33 0.43 cp 
0.44 0.56 0.48 0.50 0.50 0.46 0.54 cp 
0.36 0.41 0.48 0.50 0.48 0.47 0.54 cp 
0.47 0.29 0.48 0.50 0.51 0.33 0.43 cp 
0.25 0.37 0.48 0.50 0.41 0.33 0.42 cp 
0.25 0.37 0.48 0.50 0.43 0.26 0.36 cp 
0.26 0.26 0.48 0.50 0.34 0.25 0.35 cp 
0.37 0.50 0.48 0.50 0.42 0.36 0.45 cp 
0.24 0.43 0.48 0.50 0.37 0.28 0.38 cp 
0.48 0.42 0.48 0.50 0.45 0.25 0.35 cp 
0.44 0.28 0.48 0.50 0.43 0.27 0.37 cp 
0.34 0.28 0.48 0.50 0.41 0.35 0.44 cp 
0.29 0.47 0.48 0.50 0.41 0.23 0.34 cp 
0.63 0.49 0.48 0.50 0.54 0.76 0.79 imS 
0.63 0.69 0.48 0.50 0.65 0.41 0.28 om 
0.74 0.90 0.48 0.50 0.57 0.53 0.29 om 
0.77 0.57 0.48 0.50 0.88 0.53 0.20 om 
0.68 0.76 0.48 0.50 0.84 0.45 0.27 om 
0.66 0.49 1.00 0.50 0.54 0.56 0.36 omL 
