0.25 0.40 0.48 0.50 0.46 0.44 0.52 cp 
0.34 0.33 0.48 0.50 0.38 0.35 0.44 cp 
0.43 0.40 0.48 0.50 0.39 0.28 0.39 cp 
0.42 0.38 0.48 0.50 0.54 0.34 0.43 cp 
0.52 0.57 0.48 0.50 0.42 0.47 0.54 cp 
0.42 0.30 0.48 0.50 0.48 0.26 0.36 cp 
0.34 0.55 0.48 0.50 0.58 0.31 0.41 cp 
0.52 0.44 0.48 0.50 0.37 0.36 0.42 cp 
0.40 0.42 0.48 0.50 0.37 0.27 0.27 cp 
0.64 0.76 0.48 0.50 0.45 0.35 0.38 cp 
0.51 0.46 0.48 0.50 0.58 0.31 0.41 cp 
0.33 0.47 0.48 0.50 0.53 0.18 0.29 cp 
0.43 0.32 0.48 0.50 0.33 0.45 0.52 cp 
0.34 0.35 0.48 0.50 0.51 0.49 0.56 cp 
0.38 0.30 0.48 0.50 0.43 0.29 0.39 cp 
0.41 0.51 0.48 0.50 0.58 0.20 0.31 cp 
0.51 0.49 0.48 0.50 0.53 0.14 0.26 cp 
0.29 0.28 0.48 0.50 0.50 0.42 0.50 cp 
0.24 0.41 0.48 0.50 0.49 0.23 0.34 cp 
0.04 0.31 0.48 0.50 0.41 0.29 0.39 cp 
0.34 0.51 0.48 0.50 0.44 0.37 0.46 cp 
0.40 0.46 0.48 0.50 0.42 0.35 0.44 cp 
0.37 0.44 0.48 0.50 0.42 0.39 0.47 cp 
0.39 0.31 0.48 0.50 0.38 0.34 0.43 cp 
0.27 0.30 0.48 0.50 0.71 0.28 0.39 cp 
0.36 0.42 0.48 0.50 0.53 0.32 0.41 cp 
0.26 0.40 0.48 0.50 0.36 0.26 0.37 cp 
0.22 0.34 0.48 0.50 0.42 0.29 0.39 cp 
0.44 0.35 0.48 0.50 0.44 0.52 0.59 cp 
0.27 0.42 0.48 0.50 0.37 0.38 0.43 cp 
0.16 0.43 0.48 0.50 0.54 0.27 0.37 cp 
0.48 0.45 0.48 0.50 0.60 0.78 0.80 im 
0.45 0.40 0.48 0.50 0.61 0.74 0.77 im 
0.70 0.40 0.48 0.50 0.56 0.86 0.83 im 
0.12 0.43 0.48 0.50 0.63 0.70 0.74 im 
0.41 0.51 0.48 0.50 0.53 0.75 0.78 im 
0.51 0.40 0.48 0.50 0.57 0.62 0.67 im 
0.58 0.55 0.48 0.50 0.57 0.70 0.74 im 
0.35 0.51 0.48 0.50 0.61 0.71 0.74 im 
0.61 0.66 0.48 0.50 0.46 0.87 0.88 im 
0.11 0.50 0.48 0.50 0.58 0.72 0.68 im 
0.68 0.51 0.48 0.50 0.71 0.75 0.78 im 
0.52 0.54 0.48 0.50 0.62 0.76 0.79 im 
0.36 0.45 0.48 0.50 0.38 0.79 0.17 im 
0.10 0.49 0.48 0.50 0.41 0.67 0.21 im 
0.61 0.47 0.48 0.50 0.00 0.80 0.32 im 
0.63 0.75 0.48 0.50 0.64 0.73 0.66 im 
0.71 0.52 0.48 0.50 0.64 1.00 0.99 im 
0.81 0.44 0.48 0.50 0.42 0.67 0.68 imU 
0.47 0.46 0.48 0.50 0.62 0.74 0.77 imU 
0.81 0.52 0.48 0.50 0.57 0.78 0.80 imU 
0.88 0.42 0.48 0.50 0.52 0.73 0.75 imU 
0.63 0.51 0.48 0.50 0.64 0.72 0.76 imU 
0.79 0.54 0.48 0.50 0.50 0.66 0.68 imU 
0.78 0.44 0.48 0.50 0.45 0.73 0.68 imU 
0.56 0.68 0.48 0.50 0.77 0.36 0.45 om 
0.60 0.76 1.00 0.50 0.77 0.59 0.52 om 
0.63 0.49 0.48 0.50 0.79 0.45 0.28 om 
0.68 0.63 0.48 0.50 0.73 0.40 0.30 om 
0.68 0.49 1.00 0.50 0.62 0.55 0.28 omL 
0.68 0.82 0.48 0.50 0.38 0.65 0.56 pp 
0.64 0.84 0.48 0.50 0.37 0.45 0.40 pp 
0.69 0.80 0.48 0.50 0.46 0.57 0.26 pp 
0.69 0.59 0.48 0.50 0.46 0.44 0.52 pp 
0.76 0.73 0.48 0.50 0.44 0.39 0.39 pp 
0.29 0.39 0.48 0.50 0.52 0.40 0.48 pp 
0.56 0.54 0.48 0.50 0.43 0.37 0.30 pp 
0.69 0.65 0.48 0.50 0.63 0.48 0.41 pp 
0.74 0.56 0.48 0.50 0.47 0.68 0.30 pp 
0.61 0.60 0.48 0.50 0.44 0.39 0.38 pp 
0.59 0.61 0.48 0.50 0.42 0.42 0.37 pp 
0.74 0.74 0.48 0.50 0.31 0.53 0.52 pp 
